0,0,0,0,0,0,0,0,0,0,0,0,0,0,0,0,0,0,0,0,0,0,0,0,0,0,0,0,0,0,0,0,0,0,0,0,0,0,0,0,0,0,0,0,0,0,0,0,0,0,0,0,0,0,0,0,0,0,0,0,0,0,0,0,0,0,0,0,0,0,0,0,0,0,0,0,0,0,0,0,0,0,0,0,0,0,0,0,0,0,0,0,0,0,0,0,0,0,0,0,0,0,0,0,0,0,0,0,0,0,0,0,0,0,0,0,0,0,0,0,0,0,0,0,0,0,0,0,0,0,0,0,0,0,0,0,0,0,0,0,0,0,0,0,0,0,0,0,0,0,0,0,0,0,0,0,0,0,0,0,0,0,0,0,0,0,0,0,0,0,0,0,0,0,0,0,0,0,0,0,0,0,0,0,0,0,0,0,0,0,0,0,0,0,0,0,0,0
0,0,0,0,0,0,0,0,0,0,0,0,0,0,0,0,0,0,0,0,0,0,0,0,0,0,0,0,0,0,0,0,0,0,0,0,0,0,0,0,0,0,0,0,0,0,0,0,0,0,0,0,0,0,0,0,0,0,0,0,0,0,0,0,0,0,0,0,0,0,0,0,0,0,0,0,0,0,0,0,0,0,0,0,0,0,0,0,0,0,0,0,0,0,0,0,0,0,0,0,0,0,0,0,0,0,0,0,0,0,0,0,0,0,0,0,0,0,0,0,0,0,0,0,0,0,0,0,0,0,0,0,0,0,0,0,0,0,0,0,0,0,0,0,0,0,0,0,0,0,0,0,0,0,0,0,0,0,0,0,0,0,0,0,0,0,0,0,0,0,0,0,0,0,0,0,0,0,0,0,0,0,0,0,0,0,0,0,0,0,0,0,0,0,0,0,0,0
0,0,0,0,0,0,0,0,0,0,0,0,0,0,0,0,0,0,0,0,0,0,0,0,0,0,0,0,0,0,0,0,0,0,0,0,0,0,0,0,0,0,0,0,0,0,0,0,0,0,0,0,0,0,0,0,0,0,0,0,0,0,0,0,0,0,0,0,0,0,0,0,0,0,0,0,0,0,0,0,0,0,0,0,0,0,0,0,0,0,0,0,0,0,0,0,0,0,0,0,0,0,0,0,0,0,0,0,0,0,0,0,0,0,0,0,0,0,0,0,0,0,0,0,0,0,0,0,0,0,0,0,0,0,0,0,0,0,0,0,0,0,0,0,0,0,0,0,0,0,0,0,0,0,0,0,0,0,0,0,0,0,0,0,0,0,0,0,0,0,0,0,0,0,0,0,0,0,0,0,0,0,0,0,0,0,0,0,0,0,0,0,0,0,0,0,0,0
0,0,0,0,0,0,0,0,0,0,0,0,0,0,0,0,0,0,0,0,0,0,0,0,0,0,0,0,0,0,0,0,0,0,0,0,0,0,0,0,0,0,0,0,0,0,0,0,0,0,0,0,0,0,0,0,0,0,0,0,0,0,0,0,0,0,0,0,0,0,0,0,0,0,0,0,0,0,0,0,0,0,0,0,0,0,0,0,0,0,0,0,0,0,0,0,0,0,0,0,0,0,0,0,0,0,0,0,0,0,0,0,0,0,0,0,0,0,0,0,0,0,0,0,0,0,0,0,0,0,0,0,0,0,0,0,0,0,0,0,0,0,0,0,0,0,0,0,0,0,0,0,0,0,0,0,0,0,0,0,0,0,0,0,0,0,0,0,0,0,0,0,0,0,0,0,0,0,0,0,0,0,0,0,0,0,0,0,0,0,0,0,0,0,0,0,0,0
0,0,0,0,0,0,0,0,0,0,0,0,0,0,0,0,0,0,0,0,0,0,0,0,0,0,0,0,0,0,0,0,0,0,0,0,0,0,0,0,0,0,0,0,0,0,0,0,0,0,0,0,0,0,0,0,0,0,0,0,0,0,0,0,0,0,0,0,0,0,0,0,0,0,0,0,0,0,0,0,0,0,0,0,0,0,0,0,0,0,0,0,0,0,0,0,0,0,0,0,0,0,0,0,0,0,0,0,0,0,0,0,0,0,0,0,0,0,0,0,0,0,0,0,0,0,0,0,0,0,0,0,0,0,0,0,0,0,0,0,0,0,0,0,0,0,0,0,0,0,0,0,0,0,0,0,0,0,0,0,0,0,0,0,0,0,0,0,0,0,0,0,0,0,0,0,0,0,0,0,0,0,0,0,0,0,0,0,0,0,0,0,0,0,0,0,0,0
0,0,0,0,0,0,0,0,0,0,0,0,0,0,0,0,0,0,0,0,0,0,0,0,0,0,0,0,0,0,0,0,0,0,0,0,0,0,0,0,0,0,0,0,0,0,0,0,0,0,0,0,0,0,0,0,0,0,0,0,0,0,0,0,0,0,0,0,0,0,0,0,0,0,0,0,0,0,0,0,0,0,0,0,0,0,0,0,0,0,0,0,0,0,0,0,0,0,0,0,0,0,0,0,0,0,0,0,0,0,0,0,0,0,0,0,0,0,0,0,0,0,0,0,0,0,0,0,0,0,0,0,0,0,0,0,0,0,0,0,0,0,0,0,0,0,0,0,0,0,0,0,0,0,0,0,0,0,0,0,0,0,0,0,0,0,0,0,0,0,0,0,0,0,0,0,0,0,0,0,0,0,0,0,0,0,0,0,0,0,0,0,0,0,0,0,0,0
0,0,0,0,0,0,0,0,0,0,0,0,0,0,0,0,0,0,0,0,0,0,0,0,0,0,0,0,0,0,0,0,0,0,0,0,0,0,0,0,0,0,0,0,0,0,0,0,0,0,0,0,0,0,0,0,0,0,0,0,0,0,0,0,0,0,0,0,0,0,0,0,0,0,0,0,0,0,0,0,0,0,0,0,0,0,0,0,0,0,0,0,0,0,0,0,0,0,0,0,0,0,0,0,0,0,0,0,0,0,0,0,0,0,0,0,0,0,0,0,0,0,0,0,0,0,0,0,0,0,0,0,0,0,0,0,0,0,0,0,0,0,0,0,0,0,0,0,0,0,0,0,0,0,0,0,0,0,0,0,0,0,0,0,0,0,0,0,0,0,0,0,0,0,0,0,0,0,0,0,0,0,0,0,0,0,0,0,0,0,0,0,0,0,0,0,0,0
0,0,0,0,0,0,0,0,0,0,0,0,0,0,0,0,0,0,0,0,0,0,0,0,0,0,0,0,0,0,0,0,0,0,0,0,0,0,0,0,0,0,0,0,0,0,0,0,0,0,0,0,0,0,0,0,0,0,0,0,0,0,0,0,0,0,0,0,0,0,0,0,0,0,0,0,0,0,0,0,0,0,0,0,0,0,0,0,0,0,0,0,0,0,0,0,0,0,0,0,0,0,0,0,0,0,0,0,0,0,0,0,0,0,0,0,0,0,0,0,0,0,0,0,0,0,0,0,0,0,0,0,0,0,0,0,0,0,0,0,0,0,0,0,0,0,0,0,0,0,0,0,0,0,0,0,0,0,0,0,0,0,0,0,0,0,0,0,0,0,0,0,0,0,0,0,0,0,0,0,0,0,0,0,0,0,0,0,0,0,0,0,0,0,0,0,0,0
0,0,0,0,0,0,0,0,0,0,0,0,0,0,0,0,0,0,0,0,0,0,0,0,0,0,0,0,0,0,0,0,0,0,0,0,0,0,0,0,0,0,0,0,0,0,0,0,0,0,0,0,0,0,0,0,0,0,0,0,0,0,0,0,0,0,0,0,0,0,0,0,0,0,0,0,0,0,0,0,0,0,0,0,0,0,0,0,0,0,0,0,0,0,0,0,0,0,0,0,0,0,0,0,0,0,0,0,0,0,0,0,0,0,0,0,0,0,0,0,0,0,0,0,0,0,0,0,0,0,0,0,0,0,0,0,0,0,0,0,0,0,0,0,0,0,0,0,0,0,0,0,0,0,0,0,0,0,0,0,0,0,0,0,0,0,0,0,0,0,0,0,0,0,0,0,0,0,0,0,0,0,0,0,0,0,0,0,0,0,0,0,0,0,0,0,0,0
0,0,0,0,0,0,0,0,0,0,0,0,0,0,0,0,0,0,0,0,0,0,0,0,0,0,0,0,0,0,0,0,0,0,0,0,0,0,0,0,0,0,0,0,0,0,0,0,0,0,0,0,0,0,0,0,0,0,0,0,0,0,0,0,0,0,0,0,0,0,0,0,0,0,0,0,0,0,0,0,0,0,0,0,0,0,0,0,0,0,0,0,0,0,0,0,0,0,0,0,0,0,0,0,0,0,0,0,0,0,0,0,0,0,0,0,0,0,0,0,0,0,0,0,0,0,0,0,0,0,0,0,0,0,0,0,0,0,0,0,0,0,0,0,0,0,0,0,0,0,0,0,0,0,0,0,0,0,0,0,0,0,0,0,0,0,0,0,0,0,0,0,0,0,0,0,0,0,0,0,0,0,0,0,0,0,0,0,0,0,0,0,0,0,0,0,0,0
0,0,0,0,0,0,0,0,0,0,0,0,0,0,0,0,0,0,0,0,0,0,0,0,0,0,0,0,0,0,0,0,0,0,0,0,0,0,0,0,0,0,0,0,0,0,0,0,0,0,0,0,0,0,0,0,0,0,0,0,0,0,0,0,0,0,0,0,0,0,0,0,0,0,0,0,0,0,0,0,0,0,0,0,0,0,0,0,0,0,0,0,0,0,0,0,0,0,0,0,0,0,0,0,0,0,0,0,0,0,0,0,0,0,0,0,0,0,0,0,0,0,0,0,0,0,0,0,0,0,0,0,0,0,0,0,0,0,0,0,0,0,0,0,0,0,0,0,0,0,0,0,0,0,0,0,0,0,0,0,0,0,0,0,0,0,0,0,0,0,0,0,0,0,0,0,0,0,0,0,0,0,0,0,0,0,0,0,0,0,0,0,0,0,0,0,0,0
0,0,0,0,0,0,0,0,0,0,0,0,0,0,0,0,0,0,0,0,0,0,0,0,0,0,0,0,0,0,0,0,0,0,0,0,0,0,0,0,0,0,0,0,0,0,0,0,0,0,0,0,0,0,0,0,0,0,0,0,0,0,0,0,0,0,0,0,0,0,0,0,0,0,0,0,0,0,0,0,0,0,0,0,0,0,0,0,0,0,0,0,0,0,0,0,0,0,0,0,0,0,0,0,0,0,0,0,0,0,0,0,0,0,0,0,0,0,0,0,0,0,0,0,0,0,0,0,0,0,0,0,0,0,0,0,0,0,0,0,0,0,0,0,0,0,0,0,0,0,0,0,0,0,0,0,0,0,0,0,0,0,0,0,0,0,0,0,0,0,0,0,0,0,0,0,0,0,0,0,0,0,0,0,0,0,0,0,0,0,0,0,0,0,0,0,0,0
0,0,0,0,0,0,0,0,0,0,0,0,0,0,0,0,0,0,0,0,0,0,0,0,0,0,0,0,0,0,0,0,0,0,0,0,0,0,0,0,0,0,0,0,0,0,0,0,0,0,0,0,0,0,0,0,0,0,0,0,0,0,0,0,0,0,0,0,0,0,0,0,0,0,0,0,0,0,0,0,0,0,0,0,0,0,0,0,0,0,0,0,0,0,0,0,0,0,0,0,0,0,0,0,0,0,0,0,0,0,0,0,0,0,0,0,0,0,0,0,0,0,0,0,0,0,0,0,0,0,0,0,0,0,0,0,0,0,0,0,0,0,0,0,0,0,0,0,0,0,0,0,0,0,0,0,0,0,0,0,0,0,0,0,0,0,0,0,0,0,0,0,0,0,0,0,0,0,0,0,0,0,0,0,0,0,0,0,0,0,0,0,0,0,0,0,0,0
0,0,0,0,0,0,0,0,0,0,0,0,0,0,0,0,0,0,0,0,0,0,0,0,0,0,0,0,0,0,0,0,0,0,0,0,0,0,0,0,0,0,0,0,0,0,0,0,0,0,0,0,0,0,0,0,0,0,0,0,0,0,0,0,0,0,0,0,0,0,0,0,0,0,0,0,0,0,0,0,0,0,0,0,0,0,0,0,0,0,0,0,0,0,0,0,0,0,0,0,0,0,0,0,0,0,0,0,0,0,0,0,0,0,0,0,0,0,0,0,0,0,0,0,0,0,0,0,0,0,0,0,0,0,0,0,0,0,0,0,0,0,0,0,0,0,0,0,0,0,0,0,0,0,0,0,0,0,0,0,0,0,0,0,0,0,0,0,0,0,0,0,0,0,0,0,0,0,0,0,0,0,0,0,0,0,0,0,0,0,0,0,0,0,0,0,0,0
0,0,0,0,0,0,0,0,0,0,0,0,0,0,0,0,0,0,0,0,0,0,0,0,0,0,0,0,0,0,0,0,0,0,0,0,0,0,0,0,0,0,0,0,0,0,0,0,0,0,0,0,0,0,0,0,0,0,0,0,0,0,0,0,0,0,0,0,0,0,0,0,0,0,0,0,0,0,0,0,0,0,0,0,0,0,0,0,0,0,0,0,0,0,0,0,0,0,0,0,0,0,0,0,0,0,0,0,0,0,0,0,0,0,0,0,0,0,0,0,0,0,0,0,0,0,0,0,0,0,0,0,0,0,0,0,0,0,0,0,0,0,0,0,0,0,0,0,0,0,0,0,0,0,0,0,0,0,0,0,0,0,0,0,0,0,0,0,0,0,0,0,0,0,0,0,0,0,0,0,0,0,0,0,0,0,0,0,0,0,0,0,0,0,0,0,0,0
0,0,0,0,0,0,0,0,0,0,0,0,0,0,0,0,0,0,0,0,0,0,0,0,0,0,0,0,0,0,0,0,0,0,0,0,0,0,0,0,0,0,0,0,0,0,0,0,0,0,0,0,0,0,0,0,0,0,0,0,0,0,0,0,0,0,0,0,0,0,0,0,0,0,0,0,0,0,0,0,0,0,0,0,0,0,0,0,0,0,0,0,0,0,0,0,0,0,0,0,0,0,0,0,0,0,0,0,0,0,0,0,0,0,0,0,0,0,0,0,0,0,0,0,0,0,0,0,0,0,0,0,0,0,0,0,0,0,0,0,0,0,0,0,0,0,0,0,0,0,0,0,0,0,0,0,0,0,0,0,0,0,0,0,0,0,0,0,0,0,0,0,0,0,0,0,0,0,0,0,0,0,0,0,0,0,0,0,0,0,0,0,0,0,0,0,0,0
0,0,0,0,0,0,0,0,0,0,0,0,0,0,0,0,0,0,0,0,0,0,0,0,0,0,0,0,0,0,0,0,0,0,0,0,0,0,0,0,0,0,0,0,0,0,0,0,0,0,0,0,0,0,0,0,0,0,0,0,0,0,0,0,0,0,0,0,0,0,0,0,0,0,0,0,0,0,0,0,0,0,0,0,0,0,0,0,0,0,0,0,0,0,0,0,0,0,0,0,0,0,0,0,0,0,0,0,0,0,0,0,0,0,0,0,0,0,0,0,0,0,0,0,0,0,0,0,0,0,0,0,0,0,0,0,0,0,0,0,0,0,0,0,0,0,0,0,0,0,0,0,0,0,0,0,0,0,0,0,0,0,0,0,0,0,0,0,0,0,0,0,0,0,0,0,0,0,0,0,0,0,0,0,0,0,0,0,0,0,0,0,0,0,0,0,0,0
0,0,0,0,0,0,0,0,0,0,0,0,0,0,0,0,0,0,0,0,0,0,0,0,0,0,0,0,0,0,0,0,0,0,0,0,0,0,0,0,0,0,0,0,0,0,0,0,0,0,0,0,0,0,0,0,0,0,0,0,0,0,0,0,0,0,0,0,0,0,0,0,0,0,0,0,0,0,0,0,0,0,0,0,0,0,0,0,0,0,0,0,0,0,0,0,0,0,0,0,0,0,0,0,0,0,0,0,0,0,0,0,0,0,0,0,0,0,0,0,0,0,0,0,0,0,0,0,0,0,0,0,0,0,0,0,0,0,0,0,0,0,0,0,0,0,0,0,0,0,0,0,0,0,0,0,0,0,0,0,0,0,0,0,0,0,0,0,0,0,0,0,0,0,0,0,0,0,0,0,0,0,0,0,0,0,0,0,0,0,0,0,0,0,0,0,0,0
0,0,0,0,0,0,0,0,0,0,0,0,0,0,0,0,0,0,0,0,0,0,0,0,0,0,0,0,0,0,0,0,0,0,0,0,0,0,0,0,0,0,0,0,0,0,0,0,0,0,0,0,0,0,0,0,0,0,0,0,0,0,0,0,0,0,0,0,0,0,0,0,0,0,0,0,0,0,0,0,0,0,0,0,0,0,0,0,0,0,0,0,0,0,0,0,0,0,0,0,0,0,0,0,0,0,0,0,0,0,0,0,0,0,0,0,0,0,0,0,0,0,0,0,0,0,0,0,0,0,0,0,0,0,0,0,0,0,0,0,0,0,0,0,0,0,0,0,0,0,0,0,0,0,0,0,0,0,0,0,0,0,0,0,0,0,0,0,0,0,0,0,0,0,0,0,0,0,0,0,0,0,0,0,0,0,0,0,0,0,0,0,0,0,0,0,0,0
0,0,0,0,0,0,0,0,0,0,0,0,0,0,0,0,0,0,0,0,0,0,0,0,0,0,0,0,0,0,0,0,0,0,0,0,0,0,0,0,0,0,0,0,0,0,0,0,0,0,0,0,0,0,0,0,0,0,0,0,0,0,0,0,0,0,0,0,0,0,0,0,0,0,0,0,0,0,0,0,0,0,0,0,0,0,0,0,0,0,0,0,0,0,0,0,0,0,0,0,0,0,0,0,0,0,0,0,0,0,0,0,0,0,0,0,0,0,0,0,0,0,0,0,0,0,0,0,0,0,0,0,0,0,0,0,0,0,0,0,0,0,0,0,0,0,0,0,0,0,0,0,0,0,0,0,0,0,0,0,0,0,0,0,0,0,0,0,0,0,0,0,0,0,0,0,0,0,0,0,0,0,0,0,0,0,0,0,0,0,0,0,0,0,0,0,0,0
0,0,0,0,0,0,0,0,0,0,0,0,0,0,0,0,-1.0606477,-1.0606477,-1.0606477,-1.0606477,-1.0606477,-1.0606477,-1.0606477,-1.0606477,-1.0606477,-1.0606477,-1.0606477,-1.0606477,-1.0606477,-1.0606477,-1.0606477,-1.0606477,-1.0606477,-1.0606477,-1.0606477,-1.0606477,-1.0606477,-1.0606477,-1.0606477,-1.0606477,-1.0606477,-1.0606477,-1.0606477,-1.0606477,-1.0606477,-1.0606477,-1.0606477,-1.0606477,-1.0606477,-1.0606477,-1.0606477,-1.0606477,-1.0606477,-1.0606477,-1.0606477,-1.0606477,-1.0606477,-1.0606477,-1.0606477,-1.0606477,-1.0606477,-1.0606477,-1.0606477,-1.0606477,-1.0606477,-1.0606477,-1.0606477,-1.0606477,-1.0606477,-1.0606477,-1.0606477,-1.0606477,-1.0606477,-1.0606477,-1.0606477,-1.0606477,-1.0606477,-1.0606477,-1.0606477,-1.0606477,-1.0606477,-1.0606477,-1.0606477,-1.0606477,-1.0606477,-1.0606477,-1.0606477,-1.0606477,-1.0606477,-1.0606477,-1.0606477,-1.0606477,-1.0606477,-1.0606477,-1.0606477,-1.0606477,-1.0606477,-1.0606477,-1.0606477,-1.0606477,-1.0606477,-1.0606477,-1.0606477,-1.0606477,-1.0606477,-1.0606477,-1.0606477,-1.0606477,-1.0606477,-1.0606477,-1.0606477,-1.0606477,-1.0606477,-1.0606477,-1.0606477,-1.0606477,-1.0606477,-1.0606477,-1.0606477,-1.0606477,-1.0606477,-1.0606477,-1.0606477,-1.0606477,-1.0606477,-1.0606477,-1.0606477,-1.0606477,-1.0606477,-1.0606477,-1.0606477,-1.0606477,-1.0606477,-1.0606477,-1.0606477,-1.0606477,-1.0606477,-1.0606477,-1.0606477,-1.0606477,-1.0606477,-1.0606477,-1.0606477,-1.0606477,-1.0606477,-1.0606477,-1.0606477,-1.0606477,-1.0606477,-1.0606477,-1.0606477,-1.0606477,-1.0606477,-1.0606477,-1.0606477,-1.0606477,-1.0606477,-1.0606477,-1.0606477,-1.0606477,-1.0606477,-1.0606477,-1.0606477,-1.0606477,-1.0606477,-1.0606477,-1.0606477,-1.0606477,-1.0606477,-1.0606477,-1.0606477,-1.0606477,-1.0606477,-1.0606477,-1.0606477,-1.0606477,-1.0606477,-1.0606477,-1.0606477,-1.0606477,-1.0606477,-1.0606477,-1.0606477,-1.0606477,-1.0606477,-1.0606477,-1.0606477,-1.0606477,-1.0606477,-1.0606477,-1.0606477,-1.0606477,-1.0606477,-1.0606477,-1.0606477,-1.0606477,-1.0606477,0
0,-1.0606477,-1.0606477,-1.0606477,-1.0606477,-1.0606477,-1.0606477,-1.0606477,-1.0606477,-1.0606477,-1.0606477,-1.0606477,-1.0606477,-1.0606477,-1.0606477,-1.0606477,-1.0606477,-1.0606477,-1.0606477,-1.0606477,-1.0606477,-1.0606477,-1.0606477,-1.0606477,-1.0606477,-1.0606477,-1.0606477,-1.0606477,-1.0606477,-1.0606477,-1.0606477,-1.0606477,-1.0606477,-1.0606477,-1.0606477,-1.0606477,-1.0606477,-1.0606477,-1.0606477,-1.0606477,-1.0606477,-1.0606477,-1.0606477,-1.0606477,-1.0606477,-1.0606477,-1.0606477,-1.0606477,-1.0606477,-1.0606477,-1.0606477,-1.0606477,-1.0606477,-1.0606477,-1.0606477,-1.0606477,-1.0606477,-1.0606477,-1.0606477,-1.0606477,-1.0606477,-1.0606477,-1.0606477,-1.0606477,-1.0606477,-1.0606477,-1.0606477,-1.0606477,-1.0606477,-1.0606477,-1.0606477,-1.0606477,-1.0606477,-1.0606477,-1.0606477,-1.0606477,-1.0606477,-1.0606477,-1.0606477,-1.0606477,-1.0606477,-1.0606477,-1.0606477,-1.0606477,-1.0606477,-1.0606477,-1.0606477,-1.0606477,-1.0606477,-1.0606477,-1.0606477,-1.0606477,-1.0606477,-1.0606477,-1.0606477,-1.0606477,-1.0606477,-1.0606477,-1.0606477,-1.0606477,-1.0606477,-1.0606477,-1.0606477,-1.0606477,-1.0606477,-1.0606477,-1.0606477,-1.0606477,-1.0606477,-1.0606477,-1.0606477,-1.0606477,-1.0606477,-1.0606477,-1.0606477,-1.0606477,-1.0606477,-1.0606477,-1.0606477,-1.0606477,-1.0606477,-1.0606477,-1.0606477,-1.0606477,-1.0606477,-1.0606477,-1.0606477,-1.0606477,-1.0606477,-1.0606477,-1.0606477,-1.0606477,-1.0606477,-1.0606477,-1.0606477,-1.0606477,-1.0606477,-1.0606477,-1.0606477,-1.0606477,-1.0606477,-1.0606477,-1.0606477,-1.0606477,-1.0606477,-1.0606477,-1.0606477,-1.0606477,-1.0606477,-1.0606477,-1.0606477,-1.0606477,-1.0606477,-1.0606477,-1.0606477,-1.0606477,-1.0606477,-1.0606477,-1.0606477,-1.0606477,-1.0606477,-1.0606477,-1.0606477,-1.0606477,-1.0606477,-1.0606477,-1.0606477,-1.0606477,-1.0606477,-1.0606477,-1.0606477,-1.0606477,-1.0606477,-1.0606477,-1.0606477,-1.0606477,-1.0606477,-1.0606477,-1.0606477,-1.0606477,-1.0606477,-1.0606477,-1.0606477,-1.0606477,-1.0606477,-1.0606477,-1.0606477,-1.0606477,-1.0606477,-1.0606477,-1.0606477,-1.0606477,-1.0606477,-1.0606477,-1.0606477,-1.0606477,-1.0606477,0
0,-1.0606477,-1.0606477,-1.0606477,-1.0606477,-1.0606477,-1.0606477,-1.0606477,-1.0606477,-1.0606477,-1.0606477,-1.0606477,-1.0606477,-1.0606477,-1.0606477,-1.0606477,-1.0606477,-1.0606477,-1.0606477,-1.0606477,-1.0606477,-1.0606477,-1.0606477,-1.0606477,-1.0606477,-1.0606477,-1.0606477,-1.0606477,-1.0606477,-1.0606477,-1.0606477,-1.0606477,-1.0606477,-1.0606477,-1.0606477,-1.0606477,-1.0606477,-1.0606477,-1.0606477,-1.0606477,-1.0606477,-1.0606477,-1.0606477,-1.0606477,-1.0606477,-1.0606477,-1.0606477,-1.0606477,-1.0606477,-1.0606477,-1.0606477,-1.0606477,-1.0606477,-1.0606477,-1.0606477,-1.0606477,-1.0606477,-1.0606477,-1.0606477,-1.0606477,-1.0606477,-1.0606477,-1.0606477,-1.0606477,-1.0606477,-1.0606477,-1.0606477,-1.0606477,-1.0606477,-1.0606477,-1.0606477,-1.0606477,-1.0606477,-1.0606477,-1.0606477,-1.0606477,-1.0606477,-1.0606477,-1.0606477,-1.0606477,-1.0606477,-1.0606477,-1.0606477,-1.0606477,-1.0606477,-1.0606477,-1.0606477,-1.0606477,-1.0606477,-1.0606477,-1.0606477,-1.0606477,-1.0606477,-1.0606477,-1.0606477,-1.0606477,-1.0606477,-1.0606477,-1.0606477,-1.0606477,-1.0606477,-1.0606477,-1.0606477,-1.0606477,-1.0606477,-1.0606477,-1.0606477,-1.0606477,-1.0606477,-1.0606477,-1.0606477,-1.0606477,-1.0606477,-1.0606477,-1.0606477,-1.0606477,-1.0606477,-1.0606477,-1.0606477,-1.0606477,-1.0606477,-1.0606477,-1.0606477,-1.0606477,-1.0606477,-1.0606477,-1.0606477,-1.0606477,-1.0606477,-1.0606477,-1.0606477,-1.0606477,-1.0606477,-1.0606477,-1.0606477,-1.0606477,-1.0606477,-1.0606477,-1.0606477,-1.0606477,-1.0606477,-1.0606477,-1.0606477,-1.0606477,-1.0606477,-1.0606477,-1.0606477,-1.0606477,-1.0606477,-1.0606477,-1.0606477,-1.0606477,-1.0606477,-1.0606477,-1.0606477,-1.0606477,-1.0606477,-1.0606477,-1.0606477,-1.0606477,-1.0606477,-1.0606477,-1.0606477,-1.0606477,-1.0606477,-1.0606477,-1.0606477,-1.0606477,-1.0606477,-1.0606477,-1.0606477,-1.0606477,-1.0606477,-1.0606477,-1.0606477,-1.0606477,-1.0606477,-1.0606477,-1.0606477,-1.0606477,-1.0606477,-1.0606477,-1.0606477,-1.0606477,-1.0606477,-1.0606477,-1.0606477,-1.0606477,-1.0606477,-1.0606477,-1.0606477,-1.0606477,-1.0606477,-1.0606477,-1.0606477,-1.0606477,-1.0606477,0
0,-1.0606477,-1.0606477,-1.0606477,-1.0606477,-1.0606477,-1.0606477,-1.0606477,-1.0606477,-1.0606477,-1.0606477,-1.0606477,-1.0606477,-1.0606477,-1.0606477,-1.0606477,-1.0606477,-1.0606477,-1.0606477,-1.0606477,-1.0606477,-1.0606477,-1.0606477,-1.0606477,-1.0606477,-1.0606477,-1.0606477,-1.0606477,-1.0606477,-1.0606477,-1.0606477,-1.0606477,-1.0606477,-1.0606477,-1.0606477,-1.0606477,-1.0606477,-1.0606477,-1.0606477,-1.0606477,-1.0606477,-1.0606477,-1.0606477,-1.0606477,-1.0606477,-1.0606477,-1.0606477,-1.0606477,-1.0606477,-1.0606477,-1.0606477,-1.0606477,-1.0606477,-1.0606477,-1.0606477,-1.0606477,-1.0606477,-1.0606477,-1.0606477,-1.0606477,-1.0606477,-1.0606477,-1.0606477,-1.0606477,-1.0606477,-1.0606477,-1.0606477,-1.0606477,-1.0606477,-1.0606477,-1.0606477,-1.0606477,-1.0606477,-1.0606477,-1.0606477,-1.0606477,-1.0606477,-1.0606477,-1.0606477,-1.0606477,-1.0606477,-1.0606477,-1.0606477,-1.0606477,-1.0606477,-1.0606477,-1.0606477,-1.0606477,-1.0606477,-1.0606477,-1.0606477,-1.0606477,-1.0606477,-1.0606477,-1.0606477,-1.0606477,-1.0606477,-1.0606477,-1.0606477,-1.0606477,-1.0606477,-1.0606477,-1.0606477,-1.0606477,-1.0606477,-1.0606477,-1.0606477,-1.0606477,-1.0606477,-1.0606477,-1.0606477,-1.0606477,-1.0606477,-1.0606477,-1.0606477,-1.0606477,-1.0606477,-1.0606477,-1.0606477,-1.0606477,-1.0606477,-1.0606477,-1.0606477,-1.0606477,-1.0606477,-1.0606477,-1.0606477,-1.0606477,-1.0606477,-1.0606477,-1.0606477,-1.0606477,-1.0606477,-1.0606477,-1.0606477,-1.0606477,-1.0606477,-1.0606477,-1.0606477,-1.0606477,-1.0606477,-1.0606477,-1.0606477,-1.0606477,-1.0606477,-1.0606477,-1.0606477,-1.0606477,-1.0606477,-1.0606477,-1.0606477,-1.0606477,-1.0606477,-1.0606477,-1.0606477,-1.0606477,-1.0606477,-1.0606477,-1.0606477,-1.0606477,-1.0606477,-1.0606477,-1.0606477,-1.0606477,-1.0606477,-1.0606477,-1.0606477,-1.0606477,-1.0606477,-1.0606477,-1.0606477,-1.0606477,-1.0606477,-1.0606477,-1.0606477,-1.0606477,-1.0606477,-1.0606477,-1.0606477,-1.0606477,-1.0606477,-1.0606477,-1.0606477,-1.0606477,-1.0606477,-1.0606477,-1.0606477,-1.0606477,-1.0606477,-1.0606477,-1.0606477,-1.0606477,-1.0606477,-1.0606477,-1.0606477,-1.0606477,-1.0606477,0
0,-1.0606477,-1.0606477,-1.0606477,-1.0606477,-1.0606477,-1.0606477,-1.0606477,-1.0606477,-1.0606477,-1.0606477,-1.0606477,-1.0606477,-1.0606477,-1.0606477,-1.0606477,-1.0606477,-1.0606477,-1.0606477,-1.0606477,-1.0606477,-1.0606477,-1.0606477,-1.0606477,-1.0606477,-1.0606477,-1.0606477,-1.0606477,-1.0606477,-1.0606477,-1.0606477,-1.0606477,-1.0606477,-1.0606477,-1.0606477,-1.0606477,-1.0606477,-1.0606477,-1.0606477,-1.0606477,-1.0606477,-1.0606477,-1.0606477,-1.0606477,-1.0606477,-1.0606477,-1.0606477,-1.0606477,-1.0606477,-1.0606477,-1.0606477,-1.0606477,-1.0606477,-1.0606477,-1.0606477,-1.0606477,-1.0606477,-1.0606477,-1.0606477,-1.0606477,-1.0606477,-1.0606477,-1.0606477,-1.0606477,-1.0606477,-1.0606477,-1.0606477,-1.0606477,-1.0606477,-1.0606477,-1.0606477,-1.0606477,-1.0606477,-1.0606477,-1.0606477,-1.0606477,-1.0606477,-1.0606477,-1.0606477,-1.0606477,-1.0606477,-1.0606477,-1.0606477,-1.0606477,-1.0606477,-1.0606477,-1.0606477,-1.0606477,-1.0606477,-1.0606477,-1.0606477,-1.0606477,-1.0606477,-1.0606477,-1.0606477,-1.0606477,-1.0606477,-1.0606477,-1.0606477,-1.0606477,-1.0606477,-1.0606477,-1.0606477,-1.0606477,-1.0606477,-1.0606477,-1.0606477,-1.0606477,-1.0606477,-1.0606477,-1.0606477,-1.0606477,-1.0606477,-1.0606477,-1.0606477,-1.0606477,-1.0606477,-1.0606477,-1.0606477,-1.0606477,-1.0606477,-1.0606477,-1.0606477,-1.0606477,-1.0606477,-1.0606477,-1.0606477,-1.0606477,-1.0606477,-1.0606477,-1.0606477,-1.0606477,-1.0606477,-1.0606477,-1.0606477,-1.0606477,-1.0606477,-1.0606477,-1.0606477,-1.0606477,-1.0606477,-1.0606477,-1.0606477,-1.0606477,-1.0606477,-1.0606477,-1.0606477,-1.0606477,-1.0606477,-1.0606477,-1.0606477,-1.0606477,-1.0606477,-1.0606477,-1.0606477,-1.0606477,-1.0606477,-1.0606477,-1.0606477,-1.0606477,-1.0606477,-1.0606477,-1.0606477,-1.0606477,-1.0606477,-1.0606477,-1.0606477,-1.0606477,-1.0606477,-1.0606477,-1.0606477,-1.0606477,-1.0606477,-1.0606477,-1.0606477,-1.0606477,-1.0606477,-1.0606477,-1.0606477,-1.0606477,-1.0606477,-1.0606477,-1.0606477,-1.0606477,-1.0606477,-1.0606477,-1.0606477,-1.0606477,-1.0606477,-1.0606477,-1.0606477,-1.0606477,-1.0606477,-1.0606477,-1.0606477,-1.0606477,-1.0606477,0
0,-1.0606477,-1.0606477,-1.0606477,-1.0606477,-1.0606477,-1.0606477,-1.0606477,-1.0606477,-1.0606477,-1.0606477,-1.0606477,-1.0606477,-1.0606477,-1.0606477,-1.0606477,-1.0606477,-1.0606477,-1.0606477,-1.0606477,-1.0606477,-1.0606477,-1.0606477,-1.0606477,-1.0606477,-1.0606477,-1.0606477,-1.0606477,-1.0606477,-1.0606477,-1.0606477,-1.0606477,-1.0606477,-1.0606477,-1.0606477,-1.0606477,-1.0606477,-1.0606477,-1.0606477,-1.0606477,-1.0606477,-1.0606477,-1.0606477,-1.0606477,-1.0606477,-1.0606477,-1.0606477,-1.0606477,-1.0606477,-1.0606477,-1.0606477,-1.0606477,-1.0606477,-1.0606477,-1.0606477,-1.0606477,-1.0606477,-1.0606477,-1.0606477,-1.0606477,-1.0606477,-1.0606477,-1.0606477,-1.0606477,-1.0606477,-1.0606477,-1.0606477,-1.0606477,-1.0606477,-1.0606477,-1.0606477,-1.0606477,-1.0606477,-1.0606477,-1.0606477,-1.0606477,-1.0606477,-1.0606477,-1.0606477,-1.0606477,-1.0606477,-1.0606477,-1.0606477,-1.0606477,-1.0606477,-1.0606477,-1.0606477,-1.0606477,-1.0606477,-1.0606477,-1.0606477,-1.0606477,-1.0606477,-1.0606477,-1.0606477,-1.0606477,-1.0606477,-1.0606477,-1.0606477,-1.0606477,-1.0606477,-1.0606477,-1.0606477,-1.0606477,-1.0606477,-1.0606477,-1.0606477,-1.0606477,-1.0606477,-1.0606477,-1.0606477,-1.0606477,-1.0606477,-1.0606477,-1.0606477,-1.0606477,-1.0606477,-1.0606477,-1.0606477,-1.0606477,-1.0606477,-1.0606477,-1.0606477,-1.0606477,-1.0606477,-1.0606477,-1.0606477,-1.0606477,-1.0606477,-1.0606477,-1.0606477,-1.0606477,-1.0606477,-1.0606477,-1.0606477,-1.0606477,-1.0606477,-1.0606477,-1.0606477,-1.0606477,-1.0606477,-1.0606477,-1.0606477,-1.0606477,-1.0606477,-1.0606477,-1.0606477,-1.0606477,-1.0606477,-1.0606477,-1.0606477,-1.0606477,-1.0606477,-1.0606477,-1.0606477,-1.0606477,-1.0606477,-1.0606477,-1.0606477,-1.0606477,-1.0606477,-1.0606477,-1.0606477,-1.0606477,-1.0606477,-1.0606477,-1.0606477,-1.0606477,-1.0606477,-1.0606477,-1.0606477,-1.0606477,-1.0606477,-1.0606477,-1.0606477,-1.0606477,-1.0606477,-1.0606477,-1.0606477,-1.0606477,-1.0606477,-1.0606477,-1.0606477,-1.0606477,-1.0606477,-1.0606477,-1.0606477,-1.0606477,-1.0606477,-1.0606477,-1.0606477,-1.0606477,-1.0606477,-1.0606477,-1.0606477,-1.0606477,-1.0606477,0
0,-1.0606477,-1.0606477,-1.0606477,-1.0606477,-1.0606477,-1.0606477,-1.0606477,-1.0606477,-1.0606477,-1.0606477,-1.0606477,-1.0606477,-1.0606477,-1.0606477,-1.0606477,-1.0606477,-1.0606477,-1.0606477,-1.0606477,-1.0606477,-1.0606477,-1.0606477,-1.0606477,-1.0606477,-1.0606477,-1.0606477,-1.0606477,-1.0606477,-1.0606477,-1.0606477,-1.0606477,-1.0606477,-1.0606477,-1.0606477,-1.0606477,-1.0606477,-1.0606477,-1.0606477,-1.0606477,-1.0606477,-1.0606477,-1.0606477,-1.0606477,-1.0606477,-1.0606477,-1.0606477,-1.0606477,-1.0606477,-1.0606477,-1.0606477,-1.0606477,-1.0606477,-1.0606477,-1.0606477,-1.0606477,-1.0606477,-1.0606477,-1.0606477,-1.0606477,-1.0606477,-1.0606477,-1.0606477,-1.0606477,-1.0606477,-1.0606477,-1.0606477,-1.0606477,-1.0606477,-1.0606477,-1.0606477,-1.0606477,-1.0606477,-1.0606477,-1.0606477,-1.0606477,-1.0606477,-1.0606477,-1.0606477,-1.0606477,-1.0606477,-1.0606477,-1.0606477,-1.0606477,-1.0606477,-1.0606477,-1.0606477,-1.0606477,-1.0606477,-1.0606477,-1.0606477,-1.0606477,-1.0606477,-1.0606477,-1.0606477,-1.0606477,-1.0606477,-1.0606477,-1.0606477,-1.0606477,-1.0606477,-1.0606477,-1.0606477,-1.0606477,-1.0606477,-1.0606477,-1.0606477,-1.0606477,-1.0606477,-1.0606477,-1.0606477,-1.0606477,-1.0606477,-1.0606477,-1.0606477,-1.0606477,-1.0606477,-1.0606477,-1.0606477,-1.0606477,-1.0606477,-1.0606477,-1.0606477,-1.0606477,-1.0606477,-1.0606477,-1.0606477,-1.0606477,-1.0606477,-1.0606477,-1.0606477,-1.0606477,-1.0606477,-1.0606477,-1.0606477,-1.0606477,-1.0606477,-1.0606477,-1.0606477,-1.0606477,-1.0606477,-1.0606477,-1.0606477,-1.0606477,-1.0606477,-1.0606477,-1.0606477,-1.0606477,-1.0606477,-1.0606477,-1.0606477,-1.0606477,-1.0606477,-1.0606477,-1.0606477,-1.0606477,-1.0606477,-1.0606477,-1.0606477,-1.0606477,-1.0606477,-1.0606477,-1.0606477,-1.0606477,-1.0606477,-1.0606477,-1.0606477,-1.0606477,-1.0606477,-1.0606477,-1.0606477,-1.0606477,-1.0606477,-1.0606477,-1.0606477,-1.0606477,-1.0606477,-1.0606477,-1.0606477,-1.0606477,-1.0606477,-1.0606477,-1.0606477,-1.0606477,-1.0606477,-1.0606477,-1.0606477,-1.0606477,-1.0606477,-1.0606477,-1.0606477,-1.0606477,-1.0606477,-1.0606477,-1.0606477,-1.0606477,-1.0606477,0
0,-1.0606477,-1.0606477,-1.0606477,-1.0606477,-1.0606477,-1.0606477,-1.0606477,-1.0606477,-1.0606477,-1.0606477,-1.0606477,-1.0606477,-1.0606477,-1.0606477,-1.0606477,-1.0606477,-1.0606477,-1.0606477,-1.0606477,-1.0606477,-1.0606477,-1.0606477,-1.0606477,-1.0606477,-1.0606477,-1.0606477,-1.0606477,-1.0606477,-1.0606477,-1.0606477,-1.0606477,-1.0606477,-1.0606477,-1.0606477,-1.0606477,-1.0606477,-1.0606477,-1.0606477,-1.0606477,-1.0606477,-1.0606477,-1.0606477,-1.0606477,-1.0606477,-1.0606477,-1.0606477,-1.0606477,-1.0606477,-1.0606477,-1.0606477,-1.0606477,-1.0606477,-1.0606477,-1.0606477,-1.0606477,-1.0606477,-1.0606477,-1.0606477,-1.0606477,-1.0606477,-1.0606477,-1.0606477,-1.0606477,-1.0606477,-1.0606477,-1.0606477,-1.0606477,-1.0606477,-1.0606477,-1.0606477,-1.0606477,-1.0606477,-1.0606477,-1.0606477,-1.0606477,-1.0606477,-1.0606477,-1.0606477,-1.0606477,-1.0606477,-1.0606477,-1.0606477,-1.0606477,-1.0606477,-1.0606477,-1.0606477,-1.0606477,-1.0606477,-1.0606477,-1.0606477,-1.0606477,-1.0606477,-1.0606477,-1.0606477,-1.0606477,-1.0606477,-1.0606477,-1.0606477,-1.0606477,-1.0606477,-1.0606477,-1.0606477,-1.0606477,-1.0606477,-1.0606477,-1.0606477,-1.0606477,-1.0606477,-1.0606477,-1.0606477,-1.0606477,-1.0606477,-1.0606477,-1.0606477,-1.0606477,-1.0606477,-1.0606477,-1.0606477,-1.0606477,-1.0606477,-1.0606477,-1.0606477,-1.0606477,-1.0606477,-1.0606477,-1.0606477,-1.0606477,-1.0606477,-1.0606477,-1.0606477,-1.0606477,-1.0606477,-1.0606477,-1.0606477,-1.0606477,-1.0606477,-1.0606477,-1.0606477,-1.0606477,-1.0606477,-1.0606477,-1.0606477,-1.0606477,-1.0606477,-1.0606477,-1.0606477,-1.0606477,-1.0606477,-1.0606477,-1.0606477,-1.0606477,-1.0606477,-1.0606477,-1.0606477,-1.0606477,-1.0606477,-1.0606477,-1.0606477,-1.0606477,-1.0606477,-1.0606477,-1.0606477,-1.0606477,-1.0606477,-1.0606477,-1.0606477,-1.0606477,-1.0606477,-1.0606477,-1.0606477,-1.0606477,-1.0606477,-1.0606477,-1.0606477,-1.0606477,-1.0606477,-1.0606477,-1.0606477,-1.0606477,-1.0606477,-1.0606477,-1.0606477,-1.0606477,-1.0606477,-1.0606477,-1.0606477,-1.0606477,-1.0606477,-1.0606477,-1.0606477,-1.0606477,-1.0606477,-1.0606477,-1.0606477,-1.0606477,-1.0606477,0
0,-1.0606477,-1.0606477,-1.0606477,-1.0606477,-1.0606477,-1.0606477,-1.0606477,-1.0606477,-1.0606477,-1.0606477,-1.0606477,-1.0606477,-1.0606477,-1.0606477,-1.0606477,-1.0606477,-1.0606477,-1.0606477,-1.0606477,-1.0606477,-1.0606477,-1.0606477,-1.0606477,-1.0606477,-1.0606477,-1.0606477,-1.0606477,-1.0606477,-1.0606477,-1.0606477,-1.0606477,-1.0606477,-1.0606477,-1.0606477,-1.0606477,-1.0606477,-1.0606477,-1.0606477,-1.0606477,-1.0606477,-1.0433938,-1.0433938,-1.0433938,-1.0433938,-1.0433938,-1.0433938,-1.0433938,-1.0433938,-1.0433938,-1.0433938,-1.0433938,-1.0433938,-1.0433938,-1.0433938,-1.0433938,-1.0433938,-1.0433938,-1.0433938,-1.0433938,-1.0433938,-1.0433938,-1.0433938,-1.0433938,-1.0433938,-1.0433938,-1.0433938,-1.0433938,-1.0433938,-1.0433938,-1.0433938,-1.0433938,-1.0433938,-1.0433938,-1.0433938,-1.0433938,-1.0433938,-1.0433938,-1.0433938,-1.0433938,-1.0433938,-1.0433938,-1.0433938,-1.0433938,-1.0433938,-1.0433938,-1.0433938,-1.0433938,-1.0433938,-1.0433938,-1.0433938,-1.0433938,-1.0433938,-1.0433938,-1.0433938,-1.0433938,-1.0433938,-1.0433938,-1.0433938,-1.0433938,-1.0433938,-1.0433938,-1.0433938,-1.0433938,-1.0433938,-1.0433938,-1.0433938,-1.0433938,-1.0433938,-1.0433938,-1.0433938,-1.0433938,-1.0433938,-1.0433938,-1.0433938,-1.0433938,-1.0433938,-1.0433938,-1.0433938,-1.0433938,-1.0433938,-1.0433938,-1.0433938,-1.0433938,-1.0433938,-1.0433938,-1.0433938,-1.0433938,-1.0433938,-1.0433938,-1.0433938,-1.0433938,-1.0433938,-1.0433938,-1.0433938,-1.0433938,-1.0433938,-1.0433938,-1.0433938,-1.0433938,-1.0433938,-1.0433938,-1.0433938,-1.0433938,-1.0433938,-1.0433938,-1.0433938,-1.0433938,-1.0433938,-1.0433938,-1.0433938,-1.0433938,-1.0433938,-1.0433938,-1.0433938,-1.0433938,-1.0433938,-1.0433938,-1.0433938,-1.0433938,-1.0433938,-1.0433938,-1.0433938,-1.0433938,-1.0433938,-1.0433938,-1.0433938,-1.0433938,-1.0433938,-1.0433938,-1.0433938,-1.0433938,-1.0433938,-1.0433938,-1.0433938,-1.0433938,-1.0433938,-1.0433938,-1.0433938,-1.0433938,-1.0433938,-1.0433938,-1.0433938,-1.0433938,-1.0433938,-1.0433938,-1.0433938,-1.0433938,-1.0433938,-1.0433938,-1.0433938,-1.0433938,-1.0433938,-1.0433938,-1.0433938,-1.0433938,-1.0433938,0
0,-1.0433938,-1.0433938,-1.0433938,-1.0433938,-1.0433938,-1.0433938,-1.0433938,-1.0433938,-1.0433938,-1.0433938,-1.0433938,-1.0433938,-1.0433938,-1.0433938,-1.0433938,-1.0433938,-1.0433938,-1.0433938,-1.0433938,-1.0433938,-1.0433938,-1.0433938,-1.0433938,-1.0433938,-1.0433938,-1.0433938,-1.0433938,-1.0433938,-1.0433938,-1.0433938,-1.0433938,-1.0433938,-1.0433938,-1.0433938,-1.0433938,-1.0433938,-1.0433938,-1.0433938,-1.0433938,-1.0433938,-1.0433938,-1.0433938,-1.0433938,-1.0433938,-1.0433938,-1.0433938,-1.0433938,-1.0433938,-1.0433938,-1.0433938,-1.0433938,-1.0433938,-1.0433938,-1.0433938,-1.0433938,-1.0433938,-1.0433938,-1.0433938,-1.0433938,-1.0433938,-1.0433938,-1.0433938,-1.0433938,-1.0433938,-1.0433938,-1.0433938,-1.0433938,-1.0433938,-1.0433938,-1.0433938,-1.0433938,-1.0433938,-1.0433938,-1.0433938,-1.0433938,-1.0433938,-1.0433938,-1.0433938,-1.0433938,-1.0433938,-1.0433938,-1.0433938,-1.0433938,-1.0433938,-1.0433938,-1.0433938,-1.0433938,-1.0433938,-1.0433938,-1.0433938,-1.0433938,-1.0433938,-1.0433938,-1.0433938,-1.0433938,-1.0433938,-1.0433938,-1.0433938,-1.0433938,-1.0433938,-1.0433938,-1.0433938,-1.0433938,-1.0433938,-1.0433938,-1.0433938,-1.0433938,-1.0433938,-1.0433938,-1.0433938,-1.0433938,-1.0433938,-1.0433938,-1.0433938,-1.0433938,-1.0433938,-1.0433938,-1.0433938,-1.0433938,-1.0433938,-1.0433938,-1.0433938,-1.0433938,-1.0433938,-1.0433938,-1.0433938,-1.0433938,-1.0433938,-1.0433938,-1.0433938,-1.0433938,-1.0433938,-1.0433938,-1.0433938,-1.0433938,-1.0433938,-1.0433938,-1.0433938,-1.0433938,-1.0433938,-1.0433938,-1.0433938,-1.0433938,-1.0433938,-1.0433938,-1.0433938,-1.0433938,-1.0433938,-1.0433938,-1.0433938,-1.0433938,-1.0433938,-1.0433938,-1.0433938,-1.0433938,-1.0433938,-1.0433938,-1.0433938,-1.0433938,-1.0433938,-1.0433938,-1.0433938,-1.0433938,-1.0433938,-1.0433938,-1.0433938,-1.0433938,-1.0433938,-1.0433938,-1.0433938,-1.0433938,-1.0433938,-1.0433938,-1.0433938,-1.0433938,-1.0433938,-1.0433938,-1.0433938,-1.0433938,-1.0433938,-1.0433938,-1.0433938,-1.0433938,-1.0433938,-1.0433938,-1.0433938,-1.0433938,-1.0433938,-1.0433938,-1.0433938,-1.0433938,-1.0433938,-1.0433938,-1.0433938,-1.0433938,-1.0433938,0
0,-1.0433938,-1.0433938,-1.0433938,-1.0433938,-1.0433938,-1.0433938,-1.0433938,-1.0433938,-1.0433938,-1.0433938,-1.0433938,-1.0433938,-1.0433938,-1.0433938,-1.0433938,-1.0433938,-1.0433938,-1.0433938,-1.0433938,-1.0433938,-1.0433938,-1.0433938,-1.0433938,-1.0433938,-1.0433938,-1.0433938,-1.0433938,-1.0433938,-1.0433938,-1.0433938,-1.0433938,-1.0433938,-1.0433938,-1.0433938,-1.0433938,-1.0433938,-1.0433938,-1.0433938,-1.0433938,-1.0433938,-1.0433938,-1.0433938,-1.0433938,-1.0433938,-1.0433938,-1.0433938,-1.0433938,-1.0433938,-1.0433938,-1.0433938,-1.0433938,-1.0433938,-1.0433938,-1.0433938,-1.0433938,-1.0433938,-1.0433938,-1.0433938,-1.0433938,-1.0433938,-1.0433938,-1.0433938,-1.0433938,-1.0433938,-1.0433938,-1.0433938,-1.0433938,-1.0433938,-1.0433938,-1.0433938,-1.0433938,-1.0433938,-1.0433938,-1.0433938,-1.0433938,-1.0433938,-1.0433938,-1.0433938,-1.0433938,-1.0433938,-1.0433938,-1.0433938,-1.0433938,-1.0433938,-1.0433938,-1.0433938,-1.0433938,-1.0433938,-1.0433938,-1.0433938,-1.0433938,-1.0433938,-1.0433938,-1.0433938,-1.0433938,-1.0433938,-1.0433938,-1.0433938,-1.0433938,-1.0433938,-1.0433938,-1.0433938,-1.0433938,-1.0433938,-1.0433938,-1.0433938,-1.0433938,-1.0433938,-1.0433938,-1.0433938,-1.0433938,-1.0433938,-1.0433938,-1.0433938,-1.0433938,-1.0433938,-1.0433938,-1.0433938,-1.0433938,-1.0433938,-1.0433938,-1.0433938,-1.0433938,-1.0433938,-1.0433938,-1.0433938,-1.0433938,-1.0433938,-1.0433938,-1.0433938,-1.0433938,-1.0433938,-1.0433938,-1.0433938,-1.0433938,-1.0433938,-1.0433938,-1.0433938,-1.0433938,-1.0433938,-1.0433938,-1.0433938,-1.0433938,-1.0433938,-1.0433938,-1.0433938,-1.0433938,-1.0433938,-1.0433938,-1.0433938,-1.0433938,-1.0433938,-1.0433938,-1.0433938,-1.0433938,-1.0433938,-1.0433938,-1.0433938,-1.0433938,-1.0433938,-1.0433938,-1.0433938,-1.0433938,-1.0433938,-1.0433938,-1.0433938,-1.0433938,-1.0433938,-1.0433938,-1.0433938,-1.0433938,-1.0433938,-1.0433938,-1.0433938,-1.0433938,-1.0433938,-1.0433938,-1.0433938,-1.0433938,-1.0433938,-1.0433938,-1.0433938,-1.0433938,-1.0433938,-1.0433938,-1.0433938,-1.0433938,-1.0433938,-1.0433938,-1.0433938,-1.0433938,-1.0433938,-1.0433938,-1.0433938,-1.0433938,-1.0433938,0
0,-1.0433938,-1.0433938,-1.0433938,-1.0433938,-1.0433938,-1.0433938,-1.0433938,-1.0433938,-1.0433938,-1.0433938,-1.0433938,-1.0433938,-1.0433938,-1.0433938,-1.0433938,-1.0433938,-1.0433938,-1.0433938,-1.0433938,-1.0433938,-1.0433938,-1.0433938,-1.0433938,-1.0433938,-1.0433938,-1.0433938,-1.0433938,-1.0433938,-1.0433938,-1.0433938,-1.0433938,-1.0433938,-1.0433938,-1.0433938,-1.0433938,-1.0433938,-1.0433938,-1.0433938,-1.0433938,-1.0433938,-1.0433938,-1.0433938,-1.0433938,-1.0433938,-1.0433938,-1.0433938,-1.0433938,-1.0433938,-1.0433938,-1.0433938,-1.0433938,-1.0433938,-1.0433938,-1.0433938,-1.0433938,-1.0433938,-1.0433938,-1.0433938,-1.0433938,-1.0433938,-1.0433938,-1.0433938,-1.0433938,-1.0433938,-1.0433938,-1.0433938,-1.0433938,-1.0433938,-1.0433938,-1.0433938,-1.0433938,-1.0433938,-1.0433938,-1.0433938,-1.0433938,-1.0433938,-1.0433938,-1.0433938,-1.0433938,-1.0433938,-1.0433938,-1.0433938,-1.0433938,-1.0433938,-1.0433938,-1.0433938,-1.0433938,-1.0433938,-1.0433938,-1.0433938,-1.0433938,-1.0433938,-1.0433938,-1.0433938,-1.0433938,-1.0433938,-1.0433938,-1.0433938,-1.0433938,-1.0433938,-1.0433938,-1.0433938,-1.0433938,-1.0433938,-1.0433938,-1.0433938,-1.0433938,-1.0433938,-1.0433938,-1.0433938,-1.0433938,-1.0433938,-1.0433938,-1.0433938,-1.0433938,-1.0433938,-1.0433938,-1.0433938,-1.0433938,-1.0433938,-1.0433938,-1.0433938,-1.0433938,-1.0433938,-1.0433938,-1.0433938,-1.0433938,-1.0433938,-1.0433938,-1.0433938,-1.0433938,-1.0433938,-1.0433938,-1.0433938,-1.0433938,-1.0433938,-1.0433938,-1.0433938,-1.0433938,-1.0433938,-1.0433938,-1.0433938,-1.0433938,-1.0433938,-1.0433938,-1.0433938,-1.0433938,-1.0433938,-1.0433938,-1.0433938,-1.0433938,-1.0433938,-1.0433938,-1.0433938,-1.0433938,-1.0433938,-1.0433938,-1.0433938,-1.0433938,-1.0433938,-1.0433938,-1.0433938,-1.0433938,-1.0433938,-1.0433938,-1.0433938,-1.0433938,-1.0433938,-1.0433938,-1.0433938,-1.0433938,-1.0433938,-1.0433938,-1.0433938,-1.0433938,-1.0433938,-1.0433938,-1.0433938,-1.0433938,-1.0433938,-1.0433938,-1.0433938,-1.0433938,-1.0433938,-1.0433938,-1.0433938,-1.0433938,-1.0433938,-1.0433938,-1.0433938,-1.0433938,-1.0433938,-1.0433938,-1.0433938,-1.0433938,-1.0433938,0
0,-1.0433938,-1.0433938,-1.0433938,-1.0433938,-1.0433938,-1.0433938,-1.0433938,-1.0433938,-1.0433938,-1.0433938,-1.0433938,-1.0433938,-1.0433938,-1.0433938,-1.0433938,-1.0433938,-1.0433938,-1.0433938,-1.0433938,-1.0433938,-1.0433938,-1.0433938,-1.0433938,-1.0433938,-1.0433938,-1.0433938,-1.0433938,-1.0433938,-1.0433938,-1.0433938,-1.0433938,-1.0433938,-1.0433938,-1.0433938,-1.0433938,-1.0433938,-1.0433938,-1.0433938,-1.0433938,-1.0433938,-1.0433938,-1.0433938,-1.0433938,-1.0433938,-1.0433938,-1.0433938,-1.0433938,-1.0433938,-1.0433938,-1.0433938,-1.0433938,-1.0433938,-1.0433938,-1.0433938,-1.0433938,-1.0433938,-1.0433938,-1.0433938,-1.0433938,-1.0433938,-1.0433938,-1.0433938,-1.0433938,-1.0433938,-1.0433938,-1.0433938,-1.0433938,-1.0433938,-1.0433938,-1.0433938,-1.0433938,-1.0433938,-1.0433938,-1.0433938,-1.0433938,-1.0433938,-1.0433938,-1.0433938,-1.0433938,-1.0433938,-1.0433938,-1.0433938,-1.0433938,-1.0433938,-1.0433938,-1.0433938,-1.0433938,-1.0433938,-1.0433938,-1.0433938,-1.0433938,-1.0433938,-1.0433938,-1.0433938,-1.0433938,-1.0433938,-1.0433938,-1.0433938,-1.0433938,-1.0433938,-1.0433938,-1.0433938,-1.0433938,-1.0433938,-1.0433938,-1.0433938,-1.0433938,-1.0433938,-1.0433938,-1.0433938,-1.0433938,-1.0433938,-1.0433938,-1.0433938,-1.0433938,-1.0433938,-1.0433938,-1.0433938,-1.0433938,-1.0433938,-1.0433938,-1.0433938,-1.0433938,-1.0433938,-1.0433938,-1.0433938,-1.0433938,-1.0433938,-1.0433938,-1.0433938,-1.0433938,-1.0433938,-1.0433938,-1.0433938,-1.0433938,-1.0433938,-1.0433938,-1.0433938,-1.0433938,-1.0433938,-1.0433938,-1.0433938,-1.0433938,-1.0433938,-1.0433938,-1.0433938,-1.0433938,-1.0433938,-1.0433938,-1.0433938,-1.0433938,-1.0433938,-1.0433938,-1.0433938,-1.0433938,-1.0433938,-1.0433938,-1.0433938,-1.0433938,-1.0433938,-1.0433938,-1.0433938,-1.0433938,-1.0433938,-1.0433938,-1.0433938,-1.0433938,-1.0433938,-1.0433938,-1.0433938,-1.0433938,-1.0433938,-1.0433938,-1.0433938,-1.0433938,-1.0433938,-1.0433938,-1.0433938,-1.0433938,-1.0433938,-1.0433938,-1.0433938,-1.0433938,-1.0433938,-1.0433938,-1.0433938,-1.0433938,-1.0433938,-1.0433938,-1.0433938,-1.0433938,-1.0433938,-1.0433938,-1.0433938,-1.0433938,-1.0433938,0
0,-1.0433938,-1.0433938,-1.0433938,-1.0433938,-1.0433938,-1.0433938,-1.0433938,-1.0433938,-1.0433938,-1.0433938,-1.0433938,-1.0433938,-1.0433938,-1.0433938,-1.0433938,-1.0433938,-1.0433938,-1.0433938,-1.0433938,-1.0433938,-1.0433938,-1.0433938,-1.0433938,-1.0433938,-1.0433938,-1.0433938,-1.0433938,-1.0433938,-1.0433938,-1.0433938,-1.0433938,-1.0433938,-1.0433938,-1.0433938,-1.0433938,-1.0433938,-1.0433938,-1.0433938,-1.0433938,-1.0433938,-1.0433938,-1.0433938,-1.0433938,-1.0433938,-1.0433938,-1.0433938,-1.0433938,-1.0433938,-1.0433938,-1.0433938,-1.0433938,-1.0433938,-1.0433938,-1.0433938,-1.0433938,-1.0433938,-1.0433938,-1.0433938,-1.0433938,-1.0433938,-1.0433938,-1.0433938,-1.0433938,-1.0433938,-1.0433938,-1.0433938,-1.0433938,-1.0433938,-1.0433938,-1.0433938,-1.0433938,-1.0433938,-1.0433938,-1.0433938,-1.0433938,-1.0433938,-1.0433938,-1.0433938,-1.0433938,-1.0433938,-1.0433938,-1.0433938,-1.0433938,-1.0433938,-1.0433938,-1.0433938,-1.0433938,-1.0433938,-1.0433938,-1.0433938,-1.0433938,-1.0433938,-1.0433938,-1.0433938,-1.0433938,-1.0433938,-1.0433938,-1.0433938,-1.0433938,-1.0433938,-1.0433938,-1.0433938,-1.0433938,-1.0433938,-1.0433938,-1.0433938,-1.0433938,-1.0433938,-1.0433938,-1.0433938,-1.0433938,-1.0433938,-1.0433938,-1.0433938,-1.0433938,-1.0433938,-1.0433938,-1.0433938,-1.0433938,-1.0433938,-1.0433938,-1.0433938,-1.0433938,-1.0433938,-1.0433938,-1.0433938,-1.0433938,-1.0433938,-1.0433938,-1.0433938,-1.0433938,-1.0433938,-1.0433938,-1.0433938,-1.0433938,-1.0433938,-1.0433938,-1.0433938,-1.0433938,-1.0433938,-1.0433938,-1.0433938,-1.0433938,-1.0433938,-1.0433938,-1.0433938,-1.0433938,-1.0433938,-1.0433938,-1.0433938,-1.0433938,-1.0433938,-1.0433938,-1.0433938,-1.0433938,-1.0433938,-1.0433938,-1.0433938,-1.0433938,-1.0433938,-1.0433938,-1.0433938,-1.0433938,-1.0433938,-1.0433938,-1.0433938,-1.0433938,-1.0433938,-1.0433938,-1.0433938,-1.0433938,-1.0433938,-1.0433938,-1.0433938,-1.0433938,-1.0433938,-1.0433938,-1.0433938,-1.0433938,-1.0433938,-1.0433938,-1.0433938,-1.0433938,-1.0433938,-1.0433938,-1.0433938,-1.0433938,-1.0433938,-1.0433938,-1.0433938,-1.0433938,-1.0433938,-1.0433938,-1.0433938,-1.0433938,-1.0433938,0
0,-1.0433938,-1.0433938,-1.0433938,-1.0433938,-1.0433938,-1.0433938,-1.0433938,-1.0433938,-1.0433938,-1.0433938,-1.0433938,-1.0433938,-1.0433938,-1.0433938,-1.0433938,-1.0433938,-1.0433938,-1.0433938,-1.0433938,-1.0433938,-1.0433938,-1.0433938,-1.0433938,-1.0433938,-1.0433938,-1.0433938,-1.0433938,-1.0433938,-1.0433938,-1.0433938,-1.0433938,-1.0433938,-1.0433938,-1.0433938,-1.0433938,-1.0433938,-1.0433938,-1.0433938,-1.0433938,-1.0433938,-1.0433938,-1.0433938,-1.0433938,-1.0433938,-1.0433938,-1.0433938,-1.0433938,-1.0433938,-1.0433938,-1.0433938,-1.0433938,-1.0433938,-1.0433938,-1.0433938,-1.0433938,-1.0433938,-1.0433938,-1.0433938,-1.0433938,-1.0433938,-1.0433938,-1.0433938,-1.0433938,-1.0433938,-1.0433938,-1.0433938,-1.0433938,-1.0433938,-1.0433938,-1.0433938,-1.0433938,-1.0433938,-1.0433938,-1.0433938,-1.0433938,-1.0433938,-1.0433938,-1.0433938,-1.0433938,-1.0433938,-1.0433938,-1.0433938,-1.0433938,-1.0433938,-1.0433938,-1.0433938,-1.0433938,-1.0433938,-1.0433938,-1.0433938,-1.0433938,-1.0433938,-1.0433938,-1.0433938,-1.0433938,-1.0433938,-1.0433938,-1.0433938,-1.0433938,-1.0433938,-1.0433938,-1.0433938,-1.0433938,-1.0433938,-1.0433938,-1.0433938,-1.0433938,-1.0433938,-1.0433938,-1.0433938,-1.0433938,-1.0433938,-1.0433938,-1.0433938,-1.0433938,-1.0433938,-1.0433938,-1.0433938,-1.0433938,-1.0433938,-1.0433938,-1.0433938,-1.0433938,-1.0433938,-1.0433938,-1.0433938,-1.0433938,-1.0433938,-1.0433938,-1.0433938,-1.0433938,-1.0433938,-1.0433938,-1.0433938,-1.0433938,-1.0433938,-1.0433938,-1.0433938,-1.0433938,-1.0433938,-1.0433938,-1.0433938,-1.0433938,-1.0433938,-1.0433938,-1.0433938,-1.0433938,-1.0433938,-1.0433938,-1.0433938,-1.0433938,-1.0433938,-1.0433938,-1.0433938,-1.0433938,-1.0433938,-1.0433938,-1.0433938,-1.0433938,-1.0433938,-1.0433938,-1.0433938,-1.0433938,-1.0433938,-1.0433938,-1.0433938,-1.0433938,-1.0433938,-1.0433938,-1.0433938,-1.0433938,-1.0433938,-1.0433938,-1.0433938,-1.0433938,-1.0433938,-1.0433938,-1.0433938,-1.0433938,-1.0433938,-1.0433938,-1.0433938,-1.0433938,-1.0433938,-1.0433938,-1.0433938,-1.0433938,-1.0433938,-1.0433938,-1.0433938,-1.0433938,-1.0433938,-1.0433938,-1.0433938,-1.0433938,-1.0433938,0
0,-1.0433938,-1.0433938,-1.0433938,-1.0433938,-1.0433938,-1.0433938,-1.0433938,-1.0433938,-1.0433938,-1.0433938,-1.0433938,-1.0433938,-1.0433938,-1.0433938,-1.0433938,-1.0433938,-1.0433938,-1.0433938,-1.0433938,-1.0433938,-1.0433938,-1.0433938,-1.0433938,-1.0433938,-1.0433938,-1.0433938,-1.0433938,-1.0433938,-1.0433938,-1.0433938,-1.0433938,-1.0433938,-1.0433938,-1.0433938,-1.0433938,-1.0433938,-1.0433938,-1.0433938,-1.0433938,-1.0433938,-1.0433938,-1.0433938,-1.0433938,-1.0433938,-1.0433938,-1.0433938,-1.0433938,-1.0433938,-1.0433938,-1.0433938,-1.0433938,-1.0433938,-1.0433938,-1.0433938,-1.0433938,-1.0433938,-1.0433938,-1.0433938,-1.0433938,-1.0433938,-1.0433938,-1.0433938,-1.0433938,-1.0433938,-1.0433938,-1.0433938,-1.0433938,-1.0433938,-1.0433938,-1.0433938,-1.0433938,-1.0433938,-1.0433938,-1.0433938,-1.0433938,-1.0433938,-1.0433938,-1.0433938,-1.0433938,-1.0433938,-1.0433938,-1.0433938,-1.0433938,-1.0433938,-1.0433938,-1.0433938,-1.0433938,-1.0433938,-1.0433938,-1.0433938,-1.0433938,-1.0433938,-1.0433938,-1.0433938,-1.0433938,-1.0433938,-1.0433938,-1.0433938,-1.0433938,-1.0433938,-1.0433938,-1.0433938,-1.0433938,-1.0433938,-1.0433938,-1.0433938,-1.0433938,-1.0433938,-1.0433938,-1.0433938,-1.0433938,-1.0433938,-1.0433938,-1.0433938,-1.0433938,-1.0433938,-1.0433938,-1.0433938,-1.0433938,-1.0433938,-1.0433938,-1.0433938,-1.0433938,-1.0433938,-1.0433938,-1.0433938,-1.0433938,-1.0433938,-1.0433938,-1.0433938,-1.0433938,-1.0433938,-1.0433938,-1.0433938,-1.0433938,-1.0433938,-1.0433938,-1.0433938,-1.0433938,-1.0433938,-1.0433938,-1.0433938,-1.0433938,-1.0433938,-1.0433938,-1.0433938,-1.0433938,-1.0433938,-1.0433938,-1.0433938,-1.0433938,-1.0433938,-1.0433938,-1.0433938,-1.0433938,-1.0433938,-1.0433938,-1.0433938,-1.0433938,-1.0433938,-1.0433938,-1.0433938,-1.0433938,-1.0433938,-1.0433938,-1.0433938,-1.0433938,-1.0433938,-1.0433938,-1.0433938,-1.0433938,-1.0433938,-1.0433938,-1.0433938,-1.0433938,-1.0433938,-1.0433938,-1.0433938,-1.0433938,-1.0433938,-1.0433938,-1.0433938,-1.0433938,-1.0433938,-1.0433938,-1.0433938,-1.0433938,-1.0433938,-1.0433938,-1.0433938,-1.0433938,-1.0433938,-1.0433938,-1.0433938,-1.0433938,-1.0433938,0
0,-1.0433938,-1.0433938,-1.0433938,-1.0433938,-1.0433938,-1.0433938,-1.0433938,-1.0433938,-1.0433938,-1.0433938,-1.0433938,-1.0433938,-1.0433938,-1.0433938,-1.0433938,-1.0433938,-1.0433938,-1.0433938,-1.0433938,-1.0433938,-1.0433938,-1.0433938,-1.0433938,-1.0433938,-1.0433938,-1.0433938,-1.0433938,-1.0433938,-1.0433938,-1.0433938,-1.0433938,-1.0433938,-1.0433938,-1.0433938,-1.0433938,-1.0433938,-1.0433938,-1.0433938,-1.0433938,-1.0433938,-1.0433938,-1.0433938,-1.0433938,-1.0433938,-1.0433938,-1.0433938,-1.0433938,-1.0433938,-1.0433938,-1.0433938,-1.0433938,-1.0433938,-1.0433938,-1.0433938,-1.0433938,-1.0433938,-1.0433938,-1.0433938,-1.0433938,-1.0433938,-1.0433938,-1.0433938,-1.0433938,-1.0433938,-1.0433938,-1.0433938,-1.0433938,-1.0433938,-1.0433938,-1.0433938,-1.0433938,-1.0433938,-1.0433938,-1.0433938,-1.0433938,-1.0433938,-1.0433938,-1.0433938,-1.0433938,-1.0433938,-1.0433938,-1.0433938,-1.0433938,-1.0433938,-1.0433938,-1.0433938,-1.0433938,-1.0433938,-1.0433938,-1.0433938,-1.0433938,-1.0433938,-1.0433938,-1.0433938,-1.0433938,-1.0433938,-1.0433938,-1.0433938,-1.0433938,-1.0433938,-1.0433938,-1.0433938,-1.0433938,-1.0433938,-1.0433938,-1.0433938,-1.0433938,-1.0433938,-1.0433938,-1.0433938,-1.0433938,-1.0433938,-1.0433938,-1.0433938,-1.0433938,-1.0433938,-1.0433938,-1.0433938,-1.0433938,-1.0433938,-1.0433938,-1.0433938,-1.0433938,-1.0433938,-1.0433938,-1.0433938,-1.0433938,-1.0433938,-1.0433938,-1.0433938,-1.0433938,-1.0433938,-1.0433938,-1.0433938,-1.0433938,-1.0433938,-1.0433938,-1.0433938,-1.0433938,-1.0433938,-1.0433938,-1.0433938,-1.0433938,-1.0433938,-1.0433938,-1.0433938,-1.0433938,-1.0433938,-1.0433938,-1.0433938,-1.0433938,-1.0433938,-1.0433938,-1.0433938,-1.0433938,-1.0433938,-1.0433938,-1.0433938,-1.0433938,-1.0433938,-1.0433938,-1.0433938,-1.0433938,-1.0433938,-1.0433938,-1.0433938,-1.0433938,-1.0433938,-1.0433938,-1.0433938,-1.0433938,-1.0433938,-1.0433938,-1.0433938,-1.0433938,-1.0433938,-1.0433938,-1.0433938,-1.0433938,-1.0433938,-1.0433938,-1.0433938,-1.0433938,-1.0433938,-1.0433938,-1.0433938,-1.0433938,-1.0433938,-1.0433938,-1.0433938,-1.0433938,-1.0433938,-1.0433938,-1.0433938,-1.0433938,-1.0433938,0
0,-1.0433938,-1.0433938,-1.0433938,-1.0433938,-1.0433938,-1.0433938,-1.0433938,-1.0433938,-1.0433938,-1.0433938,-1.0433938,-1.0433938,-1.0433938,-1.0433938,-1.0433938,-1.0433938,-1.0433938,-1.0433938,-1.0433938,-1.0433938,-1.0433938,-1.0433938,-1.0433938,-1.0433938,-1.0433938,-1.0433938,-1.0433938,-1.0433938,-1.0433938,-1.0433938,-1.0433938,-1.0433938,-1.0433938,-1.0433938,-1.0433938,-1.0433938,-1.0433938,-1.0433938,-1.0433938,-1.0433938,-1.0433938,-1.0433938,-1.0433938,-1.0433938,-1.0433938,-1.0433938,-1.0433938,-1.0433938,-1.0433938,-1.0433938,-1.0433938,-1.0433938,-1.0433938,-1.0433938,-1.0433938,-1.0433938,-1.0433938,-1.0433938,-1.0433938,-1.0433938,-1.0433938,-1.0433938,-1.0433938,-1.0433938,-1.0433938,-1.0433938,-1.0433938,-1.0433938,-1.0433938,-1.0433938,-1.0433938,-1.0433938,-1.0433938,-1.0433938,-1.0433938,-1.0433938,-1.0433938,-1.0433938,-1.0433938,-1.0433938,-1.0433938,-1.0433938,-1.0433938,-1.0433938,-1.0433938,-1.0433938,-1.0433938,-1.0433938,-1.0433938,-1.0433938,-1.0433938,-1.0433938,-1.0433938,-1.0433938,-1.0433938,-1.0433938,-1.0433938,-1.0433938,-1.0433938,-1.0433938,-1.0433938,-1.0433938,-1.0433938,-1.0433938,-1.0433938,-1.0433938,-1.0433938,-1.0433938,-1.0433938,-1.0433938,-1.0433938,-1.0433938,-1.0433938,-1.0433938,-1.0433938,-1.0433938,-1.0433938,-1.0433938,-1.0433938,-1.0433938,-1.0433938,-1.0433938,-1.0433938,-1.0433938,-1.0433938,-1.0433938,-1.0433938,-1.0433938,-1.0433938,-1.0433938,-1.0433938,-1.0433938,-1.0433938,-1.0433938,-1.0433938,-1.0433938,-1.0433938,-1.0433938,-1.0433938,-1.0433938,-1.0433938,-1.0433938,-1.0433938,-1.0433938,-1.0433938,-1.0433938,-1.0433938,-1.0433938,-1.0433938,-1.0433938,-1.0433938,-1.0433938,-1.0433938,-1.0433938,-1.0433938,-1.0433938,-1.0433938,-1.0433938,-1.0433938,-1.0433938,-1.0433938,-1.0433938,-1.0433938,-1.0433938,-1.0433938,-1.0433938,-1.0433938,-1.0433938,-1.0433938,-1.0433938,-1.0433938,-1.0433938,-1.0433938,-1.0433938,-1.0433938,-1.0433938,-1.0433938,-1.0433938,-1.0433938,-1.0433938,-1.0433938,-1.0433938,-1.0433938,-1.0433938,-1.0433938,-1.0433938,-1.0433938,-1.0433938,-1.0433938,-1.0433938,-1.0433938,-1.0433938,-1.0433938,-1.0433938,-1.0433938,-1.0433938,0
0,-1.0433938,-1.0433938,-1.0433938,-1.0433938,-1.0433938,-1.0433938,-1.0433938,-1.0433938,-1.0433938,-1.0433938,-1.0433938,-1.0433938,-1.0433938,-1.0433938,-1.0433938,-1.0433938,-1.0433938,-1.0433938,-1.0433938,-1.0433938,-1.0433938,-1.0433938,-1.0433938,-1.0433938,-1.0433938,-1.0433938,-1.0433938,-1.0433938,-1.0433938,-1.0433938,-1.0433938,-1.0433938,-1.0433938,-1.0433938,-1.0433938,-1.0433938,-1.0433938,-1.0433938,-1.0433938,-1.0433938,-1.0433938,-1.0433938,-1.0433938,-1.0433938,-1.0433938,-1.0433938,-1.0433938,-1.0433938,-1.0433938,-1.0433938,-1.0433938,-1.0433938,-1.0433938,-1.0433938,-1.0433938,-1.0433938,-1.0433938,-1.0433938,-1.0433938,-1.0433938,-1.0433938,-1.0433938,-1.0433938,-1.0433938,-1.0433938,-1.0433938,-1.0433938,-1.0433938,-1.0433938,-1.0433938,-1.0433938,-1.0433938,-1.0433938,-1.0433938,-1.0433938,-1.0433938,-1.0433938,-1.0433938,-1.0433938,-1.0433938,-1.0433938,-1.0433938,-1.0433938,-1.0433938,-1.0433938,-1.0433938,-1.0433938,-1.0433938,-1.0433938,-1.0433938,-1.0433938,-1.0433938,-1.0433938,-1.0433938,-1.0433938,-1.0433938,-1.0433938,-1.0433938,-1.0433938,-1.0433938,-1.0433938,-1.0433938,-1.0433938,-1.0433938,-1.0433938,-1.0433938,-1.0433938,-1.0433938,-1.0433938,-1.0433938,-1.0433938,-1.0433938,-1.0433938,-1.0433938,-1.0433938,-1.0433938,-1.0433938,-1.0433938,-1.0433938,-1.0433938,-1.0433938,-1.0433938,-1.0433938,-1.0433938,-1.0433938,-1.0433938,-1.0433938,-1.0433938,-1.0433938,-1.0433938,-1.0433938,-1.0433938,-1.0433938,-1.0433938,-1.0433938,-1.0433938,-1.0433938,-1.0433938,-1.0433938,-1.0433938,-1.0433938,-1.0433938,-1.0433938,-1.0433938,-1.0433938,-1.0433938,-1.0433938,-1.0433938,-1.0433938,-1.0433938,-1.0433938,-1.0433938,-1.0433938,-1.0433938,-1.0433938,-1.0433938,-1.0433938,-1.0433938,-1.0433938,-1.0433938,-1.0433938,-1.0433938,-1.0433938,-1.0433938,-1.0433938,-1.0433938,-1.0433938,-1.0433938,-1.0433938,-1.0433938,-1.0433938,-1.0433938,-1.0433938,-1.0433938,-1.0433938,-1.0433938,-1.0433938,-1.0433938,-1.0433938,-1.0433938,-1.0433938,-1.0433938,-1.0433938,-1.0433938,-1.0433938,-1.0433938,-1.0433938,-1.0433938,-1.0433938,-1.0433938,-1.0433938,-1.0433938,-1.0433938,-1.0433938,-1.0433938,-1.0433938,0
0,-1.0433938,-1.0433938,-1.0433938,0,0,0,0,0,0,0,0,0,0,0,0,-0.4827501,-0.4827501,-0.4827501,-0.4827501,-0.4827501,-0.4827501,-0.4827501,-0.4827501,-0.4827501,-0.4827501,-0.4827501,-0.4827501,-0.4827501,-0.4827501,-0.4827501,-0.4827501,-0.4827501,-0.4827501,-0.4827501,-0.4827501,-0.4827501,-0.4827501,-0.4827501,-0.4827501,-0.4827501,-0.4827501,-0.4827501,-0.4827501,-0.4827501,-0.4827501,-0.4827501,-0.4827501,-0.4827501,-0.4827501,-0.4827501,-0.4827501,-0.4827501,-0.4827501,-0.4827501,-0.4827501,-0.4827501,-0.4827501,-0.4827501,-0.4827501,-0.4827501,-0.4827501,-0.4827501,-0.4827501,-0.4827501,-0.4827501,-0.4827501,-0.4827501,-0.4827501,-0.4827501,-0.4827501,-0.4827501,-0.4827501,-0.4827501,-0.4827501,-0.4827501,-0.4827501,-0.4827501,-0.4827501,-0.4827501,-0.4827501,-0.4827501,-0.4827501,-0.4827501,-0.4827501,-0.4827501,-0.4827501,-0.4827501,-0.4827501,-0.4827501,-0.4827501,-0.4827501,-0.4827501,-0.4827501,-0.4827501,-0.4827501,-0.4827501,-0.4827501,-0.4827501,-0.4827501,-0.4827501,-0.4827501,-0.4827501,-0.4827501,-0.4827501,-0.4827501,-0.4827501,-0.4827501,-0.4827501,-0.4827501,-0.4827501,-0.4827501,-0.4827501,-0.4827501,-0.4827501,-0.4827501,-0.4827501,-0.4827501,-0.4827501,-0.4827501,-0.4827501,-0.4827501,-0.4827501,-0.4827501,-0.4827501,-0.4827501,-0.4827501,-0.4827501,-0.4827501,-0.4827501,-0.4827501,-0.4827501,-0.4827501,-0.4827501,-0.4827501,-0.4827501,-0.4827501,-0.4827501,-0.4827501,-0.4827501,-0.4827501,-0.4827501,-0.4827501,-0.4827501,-0.4827501,-0.4827501,-0.4827501,-0.4827501,-0.4827501,-0.4827501,-0.4827501,-0.4827501,-0.4827501,-0.4827501,-0.4827501,-0.4827501,-0.4827501,-0.4827501,-0.4827501,-0.4827501,-0.4827501,-0.4827501,-0.4827501,-0.4827501,-0.4827501,-0.4827501,-0.4827501,-0.4827501,-0.4827501,-0.4827501,-0.4827501,-0.4827501,-0.4827501,-0.4827501,-0.4827501,-0.4827501,-0.4827501,-0.4827501,-0.4827501,-0.4827501,-0.4827501,-0.4827501,-0.4827501,-0.4827501,-0.4827501,-0.4827501,-0.4827501,-0.4827501,-0.4827501,-0.4827501,-0.4827501,-0.4827501,-0.4827501,-0.4827501,-0.4827501,-0.4827501,-0.4827501,0
0,-0.4827501,-0.4827501,-0.4827501,-0.4827501,-0.4827501,-0.4827501,-0.4827501,-0.4827501,-0.4827501,-0.4827501,-0.4827501,-0.4827501,-0.4827501,-0.4827501,-0.4827501,-0.4827501,-0.4827501,-0.4827501,-0.4827501,-0.4827501,-0.4827501,-0.4827501,-0.4827501,-0.4827501,-0.4827501,-0.4827501,-0.4827501,-0.4827501,-0.4827501,-0.4827501,-0.4827501,-0.4827501,-0.4827501,-0.4827501,-0.4827501,-0.4827501,-0.4827501,-0.4827501,-0.4827501,-0.4827501,-0.4827501,-0.4827501,-0.4827501,-0.4827501,-0.4827501,-0.4827501,-0.4827501,-0.4827501,-0.4827501,-0.4827501,-0.4827501,-0.4827501,-0.4827501,-0.4827501,-0.4827501,-0.4827501,-0.4827501,-0.4827501,-0.4827501,-0.4827501,-0.4827501,-0.4827501,-0.4827501,-0.4827501,-0.4827501,-0.4827501,-0.4827501,-0.4827501,-0.4827501,-0.4827501,-0.4827501,-0.4827501,-0.4827501,-0.4827501,-0.4827501,-0.4827501,-0.4827501,-0.4827501,-0.4827501,-0.4827501,-0.4827501,-0.4827501,-0.4827501,-0.4827501,-0.4827501,-0.4827501,-0.4827501,-0.4827501,-0.4827501,-0.4827501,-0.4827501,-0.4827501,-0.4827501,-0.4827501,-0.4827501,-0.4827501,-0.4827501,-0.4827501,-0.4827501,-0.4827501,-0.4827501,-0.4827501,-0.4827501,-0.4827501,-0.4827501,-0.4827501,-0.4827501,-0.4827501,-0.4827501,-0.4827501,-0.4827501,-0.4827501,-0.4827501,-0.4827501,-0.4827501,-0.4827501,-0.4827501,-0.4827501,-0.4827501,-0.4827501,-0.4827501,-0.4827501,-0.4827501,-0.4827501,-0.4827501,-0.4827501,-0.4827501,-0.4827501,-0.4827501,-0.4827501,-0.4827501,-0.4827501,-0.4827501,-0.4827501,-0.4827501,-0.4827501,-0.4827501,-0.4827501,-0.4827501,-0.4827501,-0.4827501,-0.4827501,-0.4827501,-0.4827501,-0.4827501,-0.4827501,-0.4827501,-0.4827501,-0.4827501,-0.4827501,-0.4827501,-0.4827501,-0.4827501,-0.4827501,-0.4827501,-0.4827501,-0.4827501,-0.4827501,-0.4827501,-0.4827501,-0.4827501,-0.4827501,-0.4827501,-0.4827501,-0.4827501,-0.4827501,-0.4827501,-0.4827501,-0.4827501,-0.4827501,-0.4827501,-0.4827501,-0.4827501,-0.4827501,-0.4827501,-0.4827501,-0.4827501,-0.4827501,-0.4827501,-0.4827501,-0.4827501,-0.4827501,-0.4827501,-0.4827501,-0.4827501,-0.4827501,-0.4827501,-0.4827501,-0.4827501,-0.4827501,-0.4827501,-0.4827501,-0.4827501,-0.4827501,-0.4827501,-0.4827501,0
0,-0.4827501,-0.4827501,-0.4827501,-0.4827501,-0.4827501,-0.4827501,-0.4827501,-0.4827501,-0.4827501,-0.4827501,-0.4827501,-0.4827501,-0.4827501,-0.4827501,-0.4827501,-0.4827501,-0.4827501,-0.4827501,-0.4827501,-0.4827501,-0.4827501,-0.4827501,-0.4827501,-0.4827501,-0.4827501,-0.4827501,-0.4827501,-0.4827501,-0.4827501,-0.4827501,-0.4827501,-0.4827501,-0.4827501,-0.4827501,-0.4827501,-0.4827501,-0.4827501,-0.4827501,-0.4827501,-0.4827501,-0.4827501,-0.4827501,-0.4827501,-0.4827501,-0.4827501,-0.4827501,-0.4827501,-0.4827501,-0.4827501,-0.4827501,-0.4827501,-0.4827501,-0.4827501,-0.4827501,-0.4827501,-0.4827501,-0.4827501,-0.4827501,-0.4827501,-0.4827501,-0.4827501,-0.4827501,-0.4827501,-0.4827501,-0.4827501,-0.4827501,-0.4827501,-0.4827501,-0.4827501,-0.4827501,-0.4827501,-0.4827501,-0.4827501,-0.4827501,-0.4827501,-0.4827501,-0.4827501,-0.4827501,-0.4827501,-0.4827501,-0.4827501,-0.4827501,-0.4827501,-0.4827501,-0.4827501,-0.4827501,-0.4827501,-0.4827501,-0.4827501,-0.4827501,-0.4827501,-0.4827501,-0.4827501,-0.4827501,-0.4827501,-0.4827501,-0.4827501,-0.4827501,-0.4827501,-0.4827501,-0.4827501,-0.4827501,-0.4827501,-0.4827501,-0.4827501,-0.4827501,-0.4827501,-0.4827501,-0.4827501,-0.4827501,-0.4827501,-0.4827501,-0.4827501,-0.4827501,-0.4827501,-0.4827501,-0.4827501,-0.4827501,-0.4827501,-0.4827501,-0.4827501,-0.4827501,-0.4827501,-0.4827501,-0.4827501,-0.4827501,-0.4827501,-0.4827501,-0.4827501,-0.4827501,-0.4827501,-0.4827501,-0.4827501,-0.4827501,-0.4827501,-0.4827501,-0.4827501,-0.4827501,-0.4827501,-0.4827501,-0.4827501,-0.4827501,-0.4827501,-0.4827501,-0.4827501,-0.4827501,-0.4827501,-0.4827501,-0.4827501,-0.4827501,-0.4827501,-0.4827501,-0.4827501,-0.4827501,-0.4827501,-0.4827501,-0.4827501,-0.4827501,-0.4827501,-0.4827501,-0.4827501,-0.4827501,-0.4827501,-0.4827501,-0.4827501,-0.4827501,-0.4827501,-0.4827501,-0.4827501,-0.4827501,-0.4827501,-0.4827501,-0.4827501,-0.4827501,-0.4827501,-0.4827501,-0.4827501,-0.4827501,-0.4827501,-0.4827501,-0.4827501,-0.4827501,-0.4827501,-0.4827501,-0.4827501,-0.4827501,-0.4827501,-0.4827501,-0.4827501,-0.4827501,-0.4827501,-0.4827501,-0.4827501,-0.4827501,-0.4827501,-0.4827501,0
0,-0.4827501,-0.4827501,-0.4827501,-0.4827501,-0.4827501,-0.4827501,-0.4827501,-0.4827501,-0.4827501,-0.4827501,-0.4827501,-0.4827501,-0.4827501,-0.4827501,-0.4827501,-0.4827501,-0.4827501,-0.4827501,-0.4827501,-0.4827501,-0.4827501,-0.4827501,-0.4827501,-0.4827501,-0.4827501,-0.4827501,-0.4827501,-0.4827501,-0.4827501,-0.4827501,-0.4827501,-0.4827501,-0.4827501,-0.4827501,-0.4827501,-0.4827501,-0.4827501,-0.4827501,-0.4827501,-0.4827501,-0.4827501,-0.4827501,-0.4827501,-0.4827501,-0.4827501,-0.4827501,-0.4827501,-0.4827501,-0.4827501,-0.4827501,-0.4827501,-0.4827501,-0.4827501,-0.4827501,-0.4827501,-0.4827501,-0.4827501,-0.4827501,-0.4827501,-0.4827501,-0.4827501,-0.4827501,-0.4827501,-0.4827501,-0.4827501,-0.4827501,-0.4827501,-0.4827501,-0.4827501,-0.4827501,-0.4827501,-0.4827501,-0.4827501,-0.4827501,-0.4827501,-0.4827501,-0.4827501,-0.4827501,-0.4827501,-0.4827501,-0.4827501,-0.4827501,-0.4827501,-0.4827501,-0.4827501,-0.4827501,-0.4827501,-0.4827501,-0.4827501,-0.4827501,-0.4827501,-0.4827501,-0.4827501,-0.4827501,-0.4827501,-0.4827501,-0.4827501,-0.4827501,-0.4827501,-0.4827501,-0.4827501,-0.4827501,-0.4827501,-0.4827501,-0.4827501,-0.4827501,-0.4827501,-0.4827501,-0.4827501,-0.4827501,-0.4827501,-0.4827501,-0.4827501,-0.4827501,-0.4827501,-0.4827501,-0.4827501,-0.4827501,-0.4827501,-0.4827501,-0.4827501,-0.4827501,-0.4827501,-0.4827501,-0.4827501,-0.4827501,-0.4827501,-0.4827501,-0.4827501,-0.4827501,-0.4827501,-0.4827501,-0.4827501,-0.4827501,-0.4827501,-0.4827501,-0.4827501,-0.4827501,-0.4827501,-0.4827501,-0.4827501,-0.4827501,-0.4827501,-0.4827501,-0.4827501,-0.4827501,-0.4827501,-0.4827501,-0.4827501,-0.4827501,-0.4827501,-0.4827501,-0.4827501,-0.4827501,-0.4827501,-0.4827501,-0.4827501,-0.4827501,-0.4827501,-0.4827501,-0.4827501,-0.4827501,-0.4827501,-0.4827501,-0.4827501,-0.4827501,-0.4827501,-0.4827501,-0.4827501,-0.4827501,-0.4827501,-0.4827501,-0.4827501,-0.4827501,-0.4827501,-0.4827501,-0.4827501,-0.4827501,-0.4827501,-0.4827501,-0.4827501,-0.4827501,-0.4827501,-0.4827501,-0.4827501,-0.4827501,-0.4827501,-0.4827501,-0.4827501,-0.4827501,-0.4827501,-0.4827501,-0.4827501,-0.4827501,-0.4827501,-0.4827501,0
0,-0.4827501,-0.4827501,-0.4827501,-0.4827501,-0.4827501,-0.4827501,-0.4827501,-0.4827501,-0.4827501,-0.4827501,-0.4827501,-0.4827501,-0.4827501,-0.4827501,-0.4827501,-0.4827501,-0.4827501,-0.4827501,-0.4827501,-0.4827501,-0.4827501,-0.4827501,-0.4827501,-0.4827501,-0.4827501,-0.4827501,-0.4827501,-0.4827501,-0.4827501,-0.4827501,-0.4827501,-0.4827501,-0.4827501,-0.4827501,-0.4827501,-0.4827501,-0.4827501,-0.4827501,-0.4827501,-0.4827501,-0.4827501,-0.4827501,-0.4827501,-0.4827501,-0.4827501,-0.4827501,-0.4827501,-0.4827501,-0.4827501,-0.4827501,-0.4827501,-0.4827501,-0.4827501,-0.4827501,-0.4827501,-0.4827501,-0.4827501,-0.4827501,-0.4827501,-0.4827501,-0.4827501,-0.4827501,-0.4827501,-0.4827501,-0.4827501,-0.4827501,-0.4827501,-0.4827501,-0.4827501,-0.4827501,-0.4827501,-0.4827501,-0.4827501,-0.4827501,-0.4827501,-0.4827501,-0.4827501,-0.4827501,-0.4827501,-0.4827501,-0.4827501,-0.4827501,-0.4827501,-0.4827501,-0.4827501,-0.4827501,-0.4827501,-0.4827501,-0.4827501,-0.4827501,-0.4827501,-0.4827501,-0.4827501,-0.4827501,-0.4827501,-0.4827501,-0.4827501,-0.4827501,-0.4827501,-0.4827501,-0.4827501,-0.4827501,-0.4827501,-0.4827501,-0.4827501,-0.4827501,-0.4827501,-0.4827501,-0.4827501,-0.4827501,-0.4827501,-0.4827501,-0.4827501,-0.4827501,-0.4827501,-0.4827501,-0.4827501,-0.4827501,-0.4827501,-0.4827501,-0.4827501,-0.4827501,-0.4827501,-0.4827501,-0.4827501,-0.4827501,-0.4827501,-0.4827501,-0.4827501,-0.4827501,-0.4827501,-0.4827501,-0.4827501,-0.4827501,-0.4827501,-0.4827501,-0.4827501,-0.4827501,-0.4827501,-0.4827501,-0.4827501,-0.4827501,-0.4827501,-0.4827501,-0.4827501,-0.4827501,-0.4827501,-0.4827501,-0.4827501,-0.4827501,-0.4827501,-0.4827501,-0.4827501,-0.4827501,-0.4827501,-0.4827501,-0.4827501,-0.4827501,-0.4827501,-0.4827501,-0.4827501,-0.4827501,-0.4827501,-0.4827501,-0.4827501,-0.4827501,-0.4827501,-0.4827501,-0.4827501,-0.4827501,-0.4827501,-0.4827501,-0.4827501,-0.4827501,-0.4827501,-0.4827501,-0.4827501,-0.4827501,-0.4827501,-0.4827501,-0.4827501,-0.4827501,-0.4827501,-0.4827501,-0.4827501,-0.4827501,-0.4827501,-0.4827501,-0.4827501,-0.4827501,-0.4827501,-0.4827501,-0.4827501,-0.4827501,-0.4827501,-0.4827501,0
0,-0.4827501,-0.4827501,-0.4827501,-0.4827501,-0.4827501,-0.4827501,-0.4827501,-0.4827501,-0.4827501,-0.4827501,-0.4827501,-0.4827501,-0.4827501,-0.4827501,-0.4827501,-0.4827501,-0.4827501,-0.4827501,-0.4827501,-0.4827501,-0.4827501,-0.4827501,-0.4827501,-0.4827501,-0.4827501,-0.4827501,-0.4827501,-0.4827501,-0.4827501,-0.4827501,-0.4827501,-0.4827501,-0.4827501,-0.4827501,-0.4827501,-0.4827501,-0.4827501,-0.4827501,-0.4827501,-0.4827501,-0.4827501,-0.4827501,-0.4827501,-0.4827501,-0.4827501,-0.4827501,-0.4827501,-0.4827501,-0.4827501,-0.4827501,-0.4827501,-0.4827501,-0.4827501,-0.4827501,-0.4827501,-0.4827501,-0.4827501,-0.4827501,-0.4827501,-0.4827501,-0.4827501,-0.4827501,-0.4827501,-0.4827501,-0.4827501,-0.4827501,-0.4827501,-0.4827501,-0.4827501,-0.4827501,-0.4827501,-0.4827501,-0.4827501,-0.4827501,-0.4827501,-0.4827501,-0.4827501,-0.4827501,-0.4827501,-0.4827501,-0.4827501,-0.4827501,-0.4827501,-0.4827501,-0.4827501,-0.4827501,-0.4827501,-0.4827501,-0.4827501,-0.4827501,-0.4827501,-0.4827501,-0.4827501,-0.4827501,-0.4827501,-0.4827501,-0.4827501,-0.4827501,-0.4827501,-0.4827501,-0.4827501,-0.4827501,-0.4827501,-0.4827501,-0.4827501,-0.4827501,-0.4827501,-0.4827501,-0.4827501,-0.4827501,-0.4827501,-0.4827501,-0.4827501,-0.4827501,-0.4827501,-0.4827501,-0.4827501,-0.4827501,-0.4827501,-0.4827501,-0.4827501,-0.4827501,-0.4827501,-0.4827501,-0.4827501,-0.4827501,-0.4827501,-0.4827501,-0.4827501,-0.4827501,-0.4827501,-0.4827501,-0.4827501,-0.4827501,-0.4827501,-0.4827501,-0.4827501,-0.4827501,-0.4827501,-0.4827501,-0.4827501,-0.4827501,-0.4827501,-0.4827501,-0.4827501,-0.4827501,-0.4827501,-0.4827501,-0.4827501,-0.4827501,-0.4827501,-0.4827501,-0.4827501,-0.4827501,-0.4827501,-0.4827501,-0.4827501,-0.4827501,-0.4827501,-0.4827501,-0.4827501,-0.4827501,-0.4827501,-0.4827501,-0.4827501,-0.4827501,-0.4827501,-0.4827501,-0.4827501,-0.4827501,-0.4827501,-0.4827501,-0.4827501,-0.4827501,-0.4827501,-0.4827501,-0.4827501,-0.4827501,-0.4827501,-0.4827501,-0.4827501,-0.4827501,-0.4827501,-0.4827501,-0.4827501,-0.4827501,-0.4827501,-0.4827501,-0.4827501,-0.4827501,-0.4827501,-0.4827501,-0.4827501,-0.4827501,-0.4827501,-0.4827501,0
0,-0.4827501,-0.4827501,-0.4827501,-0.4827501,-0.4827501,-0.4827501,-0.4827501,-0.4827501,-0.4827501,-0.4827501,-0.4827501,-0.4827501,-0.4827501,-0.4827501,-0.4827501,-0.4827501,-0.4827501,-0.4827501,-0.4827501,-0.4827501,-0.4827501,-0.4827501,-0.4827501,-0.4827501,-0.4827501,-0.4827501,-0.4827501,-0.4827501,-0.4827501,-0.4827501,-0.4827501,-0.4827501,-0.4827501,-0.4827501,-0.4827501,-0.4827501,-0.4827501,-0.4827501,-0.4827501,-0.4827501,-0.4827501,-0.4827501,-0.4827501,-0.4827501,-0.4827501,-0.4827501,-0.4827501,-0.4827501,-0.4827501,-0.4827501,-0.4827501,-0.4827501,-0.4827501,-0.4827501,-0.4827501,-0.4827501,-0.4827501,-0.4827501,-0.4827501,-0.4827501,-0.4827501,-0.4827501,-0.4827501,-0.4827501,-0.4827501,-0.4827501,-0.4827501,-0.4827501,-0.4827501,-0.4827501,-0.4827501,-0.4827501,-0.4827501,-0.4827501,-0.4827501,-0.4827501,-0.4827501,-0.4827501,-0.4827501,-0.4827501,-0.4827501,-0.4827501,-0.4827501,-0.4827501,-0.4827501,-0.4827501,-0.4827501,-0.4827501,-0.4827501,-0.4827501,-0.4827501,-0.4827501,-0.4827501,-0.4827501,-0.4827501,-0.4827501,-0.4827501,-0.4827501,-0.4827501,-0.4827501,-0.4827501,-0.4827501,-0.4827501,-0.4827501,-0.4827501,-0.4827501,-0.4827501,-0.4827501,-0.4827501,-0.4827501,-0.4827501,-0.4827501,-0.4827501,-0.4827501,-0.4827501,-0.4827501,-0.4827501,-0.4827501,-0.4827501,-0.4827501,-0.4827501,-0.4827501,-0.4827501,-0.4827501,-0.4827501,-0.4827501,-0.4827501,-0.4827501,-0.4827501,-0.4827501,-0.4827501,-0.4827501,-0.4827501,-0.4827501,-0.4827501,-0.4827501,-0.4827501,-0.4827501,-0.4827501,-0.4827501,-0.4827501,-0.4827501,-0.4827501,-0.4827501,-0.4827501,-0.4827501,-0.4827501,-0.4827501,-0.4827501,-0.4827501,-0.4827501,-0.4827501,-0.4827501,-0.4827501,-0.4827501,-0.4827501,-0.4827501,-0.4827501,-0.4827501,-0.4827501,-0.4827501,-0.4827501,-0.4827501,-0.4827501,-0.4827501,-0.4827501,-0.4827501,-0.4827501,-0.4827501,-0.4827501,-0.4827501,-0.4827501,-0.4827501,-0.4827501,-0.4827501,-0.4827501,-0.4827501,-0.4827501,-0.4827501,-0.4827501,-0.4827501,-0.4827501,-0.4827501,-0.4827501,-0.4827501,-0.4827501,-0.4827501,-0.4827501,-0.4827501,-0.4827501,-0.4827501,-0.4827501,-0.4827501,-0.4827501,-0.4827501,-0.4827501,0
0,-0.4827501,-0.4827501,-0.4827501,-0.4827501,-0.4827501,-0.4827501,-0.4827501,-0.4827501,-0.4827501,-0.4827501,-0.4827501,-0.4827501,-0.4827501,-0.4827501,-0.4827501,-0.4827501,-0.4827501,-0.4827501,-0.4827501,-0.4827501,-0.4827501,-0.4827501,-0.4827501,-0.4827501,-0.4827501,-0.4827501,-0.4827501,-0.4827501,-0.4827501,-0.4827501,-0.4827501,-0.4827501,-0.4827501,-0.4827501,-0.4827501,-0.4827501,-0.4827501,-0.4827501,-0.4827501,-0.4827501,-0.4827501,-0.4827501,-0.4827501,-0.4827501,-0.4827501,-0.4827501,-0.4827501,-0.4827501,-0.4827501,-0.4827501,-0.4827501,-0.4827501,-0.4827501,-0.4827501,-0.4827501,-0.4827501,-0.4827501,-0.4827501,-0.4827501,-0.4827501,-0.4827501,-0.4827501,-0.4827501,-0.4827501,-0.4827501,-0.4827501,-0.4827501,-0.4827501,-0.4827501,-0.4827501,-0.4827501,-0.4827501,-0.4827501,-0.4827501,-0.4827501,-0.4827501,-0.4827501,-0.4827501,-0.4827501,-0.4827501,-0.4827501,-0.4827501,-0.4827501,-0.4827501,-0.4827501,-0.4827501,-0.4827501,-0.4827501,-0.4827501,-0.4827501,-0.4827501,-0.4827501,-0.4827501,-0.4827501,-0.4827501,-0.4827501,-0.4827501,-0.4827501,-0.4827501,-0.4827501,-0.4827501,-0.4827501,-0.4827501,-0.4827501,-0.4827501,-0.4827501,-0.4827501,-0.4827501,-0.4827501,-0.4827501,-0.4827501,-0.4827501,-0.4827501,-0.4827501,-0.4827501,-0.4827501,-0.4827501,-0.4827501,-0.4827501,-0.4827501,-0.4827501,-0.4827501,-0.4827501,-0.4827501,-0.4827501,-0.4827501,-0.4827501,-0.4827501,-0.4827501,-0.4827501,-0.4827501,-0.4827501,-0.4827501,-0.4827501,-0.4827501,-0.4827501,-0.4827501,-0.4827501,-0.4827501,-0.4827501,-0.4827501,-0.4827501,-0.4827501,-0.4827501,-0.4827501,-0.4827501,-0.4827501,-0.4827501,-0.4827501,-0.4827501,-0.4827501,-0.4827501,-0.4827501,-0.4827501,-0.4827501,-0.4827501,-0.4827501,-0.4827501,-0.4827501,-0.4827501,-0.4827501,-0.4827501,-0.4827501,-0.4827501,-0.4827501,-0.4827501,-0.4827501,-0.4827501,-0.4827501,-0.4827501,-0.4827501,-0.4827501,-0.4827501,-0.4827501,-0.4827501,-0.4827501,-0.4827501,-0.4827501,-0.4827501,-0.4827501,-0.4827501,-0.4827501,-0.4827501,-0.4827501,-0.4827501,-0.4827501,-0.4827501,-0.4827501,-0.4827501,-0.4827501,-0.4827501,-0.4827501,-0.4827501,-0.4827501,-0.4827501,-0.4827501,0
0,-0.4827501,-0.4827501,-0.4827501,-0.4827501,-0.4827501,-0.4827501,-0.4827501,-0.4827501,-0.4827501,-0.4827501,-0.4827501,-0.4827501,-0.4827501,-0.4827501,-0.4827501,-0.4827501,-0.4827501,-0.4827501,-0.4827501,-0.4827501,-0.4827501,-0.4827501,-0.4827501,-0.4827501,-0.4827501,-0.4827501,-0.4827501,-0.4827501,-0.4827501,-0.4827501,-0.4827501,-0.4827501,-0.4827501,-0.4827501,-0.4827501,-0.4827501,-0.4827501,-0.4827501,-0.4827501,-0.4827501,-0.4827501,-0.4827501,-0.4827501,-0.4827501,-0.4827501,-0.4827501,-0.4827501,-0.4827501,-0.4827501,-0.4827501,-0.4827501,-0.4827501,-0.4827501,-0.4827501,-0.4827501,-0.4827501,-0.4827501,-0.4827501,-0.4827501,-0.4827501,-0.4827501,-0.4827501,-0.4827501,-0.4827501,-0.4827501,-0.4827501,-0.4827501,-0.4827501,-0.4827501,-0.4827501,-0.4827501,-0.4827501,-0.4827501,-0.4827501,-0.4827501,-0.4827501,-0.4827501,-0.4827501,-0.4827501,-0.4827501,-0.4827501,-0.4827501,-0.4827501,-0.4827501,-0.4827501,-0.4827501,-0.4827501,-0.4827501,-0.4827501,-0.4827501,-0.4827501,-0.4827501,-0.4827501,-0.4827501,-0.4827501,-0.4827501,-0.4827501,-0.4827501,-0.4827501,-0.4827501,-0.4827501,-0.4827501,-0.4827501,-0.4827501,-0.4827501,-0.4827501,-0.4827501,-0.4827501,-0.4827501,-0.4827501,-0.4827501,-0.4827501,-0.4827501,-0.4827501,-0.4827501,-0.4827501,-0.4827501,-0.4827501,-0.4827501,-0.4827501,-0.4827501,-0.4827501,-0.4827501,-0.4827501,-0.4827501,-0.4827501,-0.4827501,-0.4827501,-0.4827501,-0.4827501,-0.4827501,-0.4827501,-0.4827501,-0.4827501,-0.4827501,-0.4827501,-0.4827501,-0.4827501,-0.4827501,-0.4827501,-0.4827501,-0.4827501,-0.4827501,-0.4827501,-0.4827501,-0.4827501,-0.4827501,-0.4827501,-0.4827501,-0.4827501,-0.4827501,-0.4827501,-0.4827501,-0.4827501,-0.4827501,-0.4827501,-0.4827501,-0.4827501,-0.4827501,-0.4827501,-0.4827501,-0.4827501,-0.4827501,-0.4827501,-0.4827501,-0.4827501,-0.4827501,-0.4827501,-0.4827501,-0.4827501,-0.4827501,-0.4827501,-0.4827501,-0.4827501,-0.4827501,-0.4827501,-0.4827501,-0.4827501,-0.4827501,-0.4827501,-0.4827501,-0.4827501,-0.4827501,-0.4827501,-0.4827501,-0.4827501,-0.4827501,-0.4827501,-0.4827501,-0.4827501,-0.4827501,-0.4827501,-0.4827501,-0.4827501,-0.4827501,-0.4827501,0
0,-0.4827501,-0.4827501,-0.4827501,-0.4827501,-0.4827501,-0.4827501,-0.4827501,-0.4827501,-0.4827501,-0.4827501,-0.4827501,-0.4827501,-0.4827501,-0.4827501,-0.4827501,-0.4827501,-0.4827501,-0.4827501,-0.4827501,-0.4827501,-0.4827501,-0.4827501,-0.4827501,-0.4827501,-0.4827501,-0.4827501,-0.4827501,-0.4827501,-0.4827501,-0.4827501,-0.4827501,-0.4827501,-0.4827501,-0.4827501,-0.4827501,-0.4827501,-0.4827501,-0.4827501,-0.4827501,-0.4827501,-0.4827501,-0.4827501,-0.4827501,-0.4827501,-0.4827501,-0.4827501,-0.4827501,-0.4827501,-0.4827501,-0.4827501,-0.4827501,-0.4827501,-0.4827501,-0.4827501,-0.4827501,-0.4827501,-0.4827501,-0.4827501,-0.4827501,-0.4827501,-0.4827501,-0.4827501,-0.4827501,-0.4827501,-0.4827501,-0.4827501,-0.4827501,-0.4827501,-0.4827501,-0.4827501,-0.4827501,-0.4827501,-0.4827501,-0.4827501,-0.4827501,-0.4827501,-0.4827501,-0.4827501,-0.4827501,-0.4827501,-0.4827501,-0.4827501,-0.4827501,-0.4827501,-0.4827501,-0.4827501,-0.4827501,-0.4827501,-0.4827501,-0.4827501,-0.4827501,-0.4827501,-0.4827501,-0.4827501,-0.4827501,-0.4827501,-0.4827501,-0.4827501,-0.4827501,-0.4827501,-0.4827501,-0.4827501,-0.4827501,-0.4827501,-0.4827501,-0.4827501,-0.4827501,-0.4827501,-0.4827501,-0.4827501,-0.4827501,-0.4827501,0,0,0,0,0,0,0,0,0,0,0,0,0,0,0,0,0,0,0,0,0,0,0,0,0,0,0,0,0,0,0,0,0,0,0,0,0,0,0,0,0,0,0,0,0,0,0,0,0,0,0,0,0,0,0,0,0,0,0,0,0,0,0,0,0,0,0,0,0,0,0,0,0,0,0,0,0,0,0,0,0,0,0,0,0
0,0,0,0,0,0,0,0,0,0,0,0,0,0,0,0,0,0,0,0,0,0,0,0,0,0,0,0,0,0,0,0,0,0,0,0,0,0,0,0,0,0,0,0,0,0,0,0,0,0,0,0,0,0,0,0,0,0,0,0,0,0,0,0,0,0,0,0,0,0,0,0,0,0,0,0,0,0,0,0,0,0,0,0,0,0,0,0,0,0,0,0,0,0,0,0,0,0,0,0,0,0,0,0,0,0,0,0,0,0,0,0,0,0,0,0,0,0,0,0,0,0,0,0,0,0,0,0,0,0,0,0,0,0,0,0,0,0,0,0,0,0,0,0,0,0,0,0,0,0,0,0,0,0,0,0,0,0,0,0,0,0,0,0,0,0,0,0,0,0,0,0,0,0,0,0,0,0,0,0,0,0,0,0,0,0,0,0,0,0,0,0,0,0,0,0,0,0
0,0,0,0,0,0,0,0,0,0,0,0,0,0,0,0,0,0,0,0,0,0,0,0,0,0,0,0,0,0,0,0,0,0,0,0,0,0,0,0,0,0,0,0,0,0,0,0,0,0,0,0,0,0,0,0,0,0,0,0,0,0,0,0,0,0,0,0,0,0,0,0,0,0,0,0,0,0,0,0,0,0,0,0,0,0,0,0,0,0,0,0,0,0,0,0,0,0,0,0,0,0,0,0,0,0,0,0,0,0,0,0,0,0,0,0,0,0,0,0,0,0,0,0,0,0,0,0,0,0,0,0,0,0,0,0,0,0,0,0,0,0,0,0,0,0,0,0,0,0,0,0,0,0,0,0,0,0,0,0,0,0,0,0,0,0,0,0,0,0,0,0,0,0,0,0,0,0,0,0,0,0,0,0,0,0,0,0,0,0,0,0,0,0,0,0,0,0
0,0,0,0,0,0,0,0,0,0,0,0,0,0,0,0,0,0,0,0,0,0,0,0,0,0,0,0,0,0,0,0,0,0,0,0,0,0,0,0,0,0,0,0,0,0,0,0,0,0,0,0,0,0,0,0,0,0,0,0,0,0,0,0,0,0,0,0,0,0,0,0,0,0,0,0,0,0,0,0,0,0,0,0,0,0,0,0,0,0,0,0,0,0,0,0,0,0,0,0,0,0,0,0,0,0,0,0,0,0,0,0,0,0,0,0,0,0,0,0,0,0,0,0,0,0,0,0,0,0,0,0,0,0,0,0,0,0,0,0,0,0,0,0,0,0,0,0,0,0,0,0,0,0,0,0,0,0,0,0,0,0,0,0,0,0,0,0,0,0,0,0,0,0,0,0,0,0,0,0,0,0,0,0,0,0,0,0,0,0,0,0,0,0,0,0,0,0
0,0,0,0,0,0,0,0,0,0,0,0,0,0,0,0,0,0,0,0,0,0,0,0,0,0,0,0,0,0,0,0,0,0,0,0,0,0,0,0,0,0,0,0,0,0,0,0,0,0,0,0,0,0,0,0,0,0,0,0,0,0,0,0,0,0,0,0,0,0,0,0,0,0,0,0,0,0,0,0,0,0,0,0,0,0,0,0,0,0,0,0,0,0,0,0,0,0,0,0,0,0,0,0,0,0,0,0,0,0,0,0,0,0,0,0,0,0,0,0,0,0,0,0,0,0,0,0,0,0,0,0,0,0,0,0,0,0,0,0,0,0,0,0,0,0,0,0,0,0,0,0,0,0,0,0,0,0,0,0,0,0,0,0,0,0,0,0,0,0,0,0,0,0,0,0,0,0,0,0,0,0,0,0,0,0,0,0,0,0,0,0,0,0,0,0,0,0
0,0,0,0,0,0,0,0,0,0,0,0,0,0,0,0,0,0,0,0,0,0,0,0,0,0,0,0,0,0,0,0,0,0,0,0,0,0,0,0,0,0,0,0,0,0,0,0,0,0,0,0,0,0,0,0,0,0,0,0,0,0,0,0,0,0,0,0,0,-0.8828995,-0.8828995,-0.8828995,-0.8828995,-0.8828995,-0.8828995,-0.8828995,-0.8828995,-0.8828995,-0.8828995,-0.8828995,-0.8828995,-0.8828995,-0.8828995,-0.8828995,-0.8828995,-0.8828995,-0.8828995,-0.8828995,-0.8828995,-0.8828995,-0.8828995,-0.8828995,-0.8828995,-0.8828995,-0.8828995,-0.8828995,-0.8828995,-0.8828995,-0.8828995,-0.8828995,-0.8828995,-0.8828995,-0.8828995,-0.8828995,-0.8828995,-0.8828995,-0.8828995,-0.8828995,-0.8828995,-0.8828995,-0.8828995,-0.8828995,-0.8828995,-0.8828995,-0.8828995,-0.8828995,-0.8828995,-0.8828995,-0.8828995,-0.8828995,-0.8828995,-0.8828995,-0.8828995,-0.8828995,-0.8828995,-0.8828995,-0.8828995,-0.8828995,-0.8828995,-0.8828995,-0.8828995,-0.8828995,-0.8828995,-0.8828995,-0.8828995,-0.8828995,-0.8828995,-0.8828995,-0.8828995,-0.8828995,-0.8828995,-0.8828995,-0.8828995,-0.8828995,-0.8828995,-0.8828995,-0.8828995,-0.8828995,-0.8828995,-0.8828995,-0.8828995,-0.8828995,-0.8828995,-0.8828995,-0.8828995,-0.8828995,-0.8828995,-0.8828995,-0.8828995,-0.8828995,-0.8828995,-0.8828995,-0.8828995,-0.8828995,-0.8828995,-0.8828995,-0.8828995,-0.8828995,-0.8828995,-0.8828995,-0.8828995,-0.8828995,-0.8828995,-0.8828995,-0.8828995,-0.8828995,-0.8828995,-0.8828995,-0.8828995,-0.8828995,-0.8828995,-0.8828995,-0.8828995,-0.8828995,-0.8828995,-0.8828995,-0.8828995,-0.8828995,-0.8828995,-0.8828995,-0.8828995,-0.8828995,-0.8828995,-0.8828995,-0.8828995,-0.8828995,-0.8828995,0
0,-0.8828995,-0.8828995,-0.8828995,-0.8828995,-0.8828995,-0.8828995,-0.8828995,-0.8828995,-0.8828995,-0.8828995,-0.8828995,-0.8828995,-0.8828995,-0.8828995,-0.8828995,-0.8828995,-0.8828995,-0.8828995,-0.8828995,-0.8828995,-0.8828995,-0.8828995,-0.8828995,-0.8828995,-0.8828995,-0.8828995,-0.8828995,-0.8828995,-0.8828995,-0.8828995,-0.8828995,-0.8828995,-0.8828995,-0.8828995,-0.8828995,-0.8828995,-0.8828995,-0.8828995,-0.8828995,-0.8828995,-0.8828995,-0.8828995,-0.8828995,-0.8828995,-0.8828995,-0.8828995,-0.8828995,-0.8828995,-0.8828995,-0.8828995,-0.8828995,-0.8828995,-0.8828995,-0.8828995,-0.8828995,-0.8828995,-0.8828995,-0.8828995,-0.8828995,-0.8828995,-0.8828995,-0.8828995,-0.8828995,-0.8828995,-0.8828995,-0.8828995,-0.8828995,-0.8828995,-0.8828995,-0.8828995,-0.8828995,-0.8828995,-0.8828995,-0.8828995,-0.8828995,-0.8828995,-0.8828995,-0.8828995,-0.8828995,-0.8828995,-0.8828995,-0.8828995,-0.8828995,-0.8828995,-0.8828995,-0.8828995,-0.8828995,-0.8828995,-0.8828995,-0.8828995,-0.8828995,-0.8828995,-0.8828995,-0.8828995,-0.8828995,-0.8828995,-0.8828995,-0.8828995,-0.8828995,-0.8828995,-0.8828995,-0.8828995,-0.8828995,-0.8828995,-0.8828995,-0.8828995,-0.8828995,-0.8828995,-0.8828995,-0.8828995,-0.8828995,-0.8828995,-0.8828995,-0.8828995,-0.8828995,-0.8828995,-0.8828995,-0.8828995,-0.8828995,-0.8828995,-0.8828995,-0.8828995,-0.8828995,-0.8828995,-0.8828995,-0.8828995,-0.8828995,-0.8828995,-0.8828995,-0.8828995,-0.8828995,-0.8828995,-0.8828995,-0.8828995,-0.8828995,-0.8828995,-0.8828995,-0.8828995,-0.8828995,-0.8828995,-0.8828995,-0.8828995,-0.8828995,-0.8828995,-0.8828995,-0.8828995,-0.8828995,-0.8828995,-0.8828995,-0.8828995,-0.8828995,-0.8828995,-0.8828995,-0.8828995,-0.8828995,-0.8828995,-0.8828995,-0.8828995,-0.8828995,-0.8828995,-0.8828995,-0.8828995,-0.8828995,-0.8828995,-0.8828995,-0.8828995,-0.8828995,-0.8828995,-0.8828995,-0.8828995,-0.8828995,-0.8828995,-0.8828995,-0.8828995,-0.8828995,-0.8828995,-0.8828995,-0.8828995,-0.8828995,-0.8828995,-0.8828995,-0.8828995,-0.8828995,-0.8828995,-0.8828995,-0.8828995,-0.8828995,-0.8828995,-0.8828995,-0.8828995,-0.8828995,-0.8828995,-0.8828995,-0.8828995,-0.8828995,-0.8828995,0
0,-0.8828995,-0.8828995,-0.8828995,-0.8828995,-0.8828995,-0.8828995,-0.8828995,-0.8828995,-0.8828995,-0.8828995,-0.8828995,-0.8828995,-0.8828995,-0.8828995,-0.8828995,-0.8828995,-0.8828995,-0.8828995,-0.8828995,-0.8828995,-0.8828995,-0.8828995,-0.8828995,-0.8828995,-0.8828995,-0.8828995,-0.8828995,-0.8828995,-0.8828995,-0.8828995,-0.8828995,-0.8828995,-0.8828995,-0.8828995,-0.8828995,-0.8828995,-0.8828995,-0.8828995,-0.8828995,-0.8828995,-0.8828995,-0.8828995,-0.8828995,-0.8828995,-0.8828995,-0.8828995,-0.8828995,-0.8828995,-0.8828995,-0.8828995,-0.8828995,-0.8828995,-0.8828995,-0.8828995,-0.8828995,-0.8828995,-0.8828995,-0.8828995,-0.8828995,-0.8828995,-0.8828995,-0.8828995,-0.8828995,-0.8828995,-0.8828995,-0.8828995,-0.8828995,-0.8828995,-0.8828995,-0.8828995,-0.8828995,-0.8828995,-0.8828995,-0.8828995,-0.8828995,-0.8828995,-0.8828995,-0.8828995,-0.8828995,-0.8828995,-0.8828995,-0.8828995,-0.8828995,-0.8828995,-0.8828995,-0.8828995,-0.8828995,-0.8828995,-0.8828995,-0.8828995,-0.8828995,-0.8828995,-0.8828995,-0.8828995,-0.8828995,-0.8828995,-0.8828995,-0.8828995,-0.8828995,-0.8828995,-0.8828995,-0.8828995,-0.8828995,-0.8828995,-0.8828995,-0.8828995,-0.8828995,-0.8828995,-0.8828995,-0.8828995,-0.8828995,-0.8828995,-0.8828995,-0.8828995,-0.8828995,-0.8828995,-0.8828995,-0.8828995,-0.8828995,-0.8828995,-0.8828995,-0.8828995,-0.8828995,-0.8828995,-0.8828995,-0.8828995,-0.8828995,-0.8828995,-0.8828995,-0.8828995,-0.8828995,-0.8828995,-0.8828995,-0.8828995,-0.8828995,-0.8828995,-0.8828995,-0.8828995,-0.8828995,-0.8828995,-0.8828995,-0.8828995,-0.8828995,-0.8828995,-0.8828995,-0.8828995,-0.8828995,-0.8828995,-0.8828995,-0.8828995,-0.8828995,-0.8828995,-0.8828995,-0.8828995,-0.8828995,-0.8828995,-0.8828995,-0.8828995,-0.8828995,-0.8828995,-0.8828995,-0.8828995,-0.8828995,-0.8828995,-0.8828995,-0.8828995,-0.8828995,-0.8828995,-0.8828995,-0.8828995,-0.8828995,-0.8828995,-0.8828995,-0.8828995,-0.8828995,-0.8828995,-0.8828995,-0.8828995,-0.8828995,-0.8828995,-0.8828995,-0.8828995,-0.8828995,-0.8828995,-0.8828995,-0.8828995,-0.8828995,-0.8828995,-0.8828995,-0.8828995,-0.8828995,-0.8828995,-0.8828995,-0.8828995,-0.8828995,-0.8828995,0
0,-0.8828995,-0.8828995,-0.8828995,-0.8828995,-0.8828995,-0.8828995,-0.8828995,-0.8828995,-0.8828995,-0.8828995,-0.8828995,-0.8828995,-0.8828995,-0.8828995,-0.8828995,-0.8828995,-0.8828995,-0.8828995,-0.8828995,-0.8828995,-0.8828995,-0.8828995,-0.8828995,-0.8828995,-0.8828995,-0.8828995,-0.8828995,-0.8828995,-0.8828995,-0.8828995,-0.8828995,-0.8828995,-0.8828995,-0.8828995,-0.8828995,-0.8828995,-0.8828995,-0.8828995,-0.8828995,-0.8828995,-0.8828995,-0.8828995,-0.8828995,-0.8828995,-0.8828995,-0.8828995,-0.8828995,-0.8828995,-0.8828995,-0.8828995,-0.8828995,-0.8828995,-0.8828995,-0.8828995,-0.8828995,-0.8828995,-0.8828995,-0.8828995,-0.8828995,-0.8828995,-0.8828995,-0.8828995,-0.8828995,-0.8828995,-0.8828995,-0.8828995,-0.8828995,-0.8828995,-0.8828995,-0.8828995,-0.8828995,-0.8828995,-0.8828995,-0.8828995,-0.8828995,-0.8828995,-0.8828995,-0.8828995,-0.8828995,-0.8828995,-0.8828995,-0.8828995,-0.8828995,-0.8828995,-0.8828995,-0.8828995,-0.8828995,-0.8828995,-0.8828995,-0.8828995,-0.8828995,-0.8828995,-0.8828995,-0.8828995,-0.8828995,-0.8828995,-0.8828995,-0.8828995,-0.8828995,-0.8828995,-0.8828995,-0.8828995,-0.8828995,-0.8828995,-0.8828995,-0.8828995,-0.8828995,-0.8828995,-0.8828995,-0.8828995,-0.8828995,-0.8828995,-0.8828995,-0.8828995,-0.8828995,-0.8828995,-0.8828995,-0.8828995,-0.8828995,-0.8828995,-0.8828995,-0.8828995,-0.8828995,-0.8828995,-0.8828995,-0.8828995,-0.8828995,-0.8828995,-0.8828995,-0.8828995,-0.8828995,-0.8828995,-0.8828995,-0.8828995,-0.8828995,-0.8828995,-0.8828995,-0.8828995,-0.8828995,-0.8828995,-0.8828995,-0.8828995,-0.8828995,-0.8828995,-0.8828995,-0.8828995,-0.8828995,-0.8828995,-0.8828995,-0.8828995,-0.8828995,-0.8828995,-0.8828995,-0.8828995,-0.8828995,-0.8828995,-0.8828995,-0.8828995,-0.8828995,-0.8828995,-0.8828995,-0.8828995,-0.8828995,-0.8828995,-0.8828995,-0.8828995,-0.8828995,-0.8828995,-0.8828995,-0.8828995,-0.8828995,-0.8828995,-0.8828995,-0.8828995,-0.8828995,-0.8828995,-0.8828995,-0.8828995,-0.8828995,-0.8828995,-0.8828995,-0.8828995,-0.8828995,-0.8828995,-0.8828995,-0.8828995,-0.8828995,-0.8828995,-0.8828995,-0.8828995,-0.8828995,-0.8828995,-0.8828995,-0.8828995,-0.8828995,-0.8828995,0
0,-0.8828995,-0.8828995,-0.8828995,-0.8828995,-0.8828995,-0.8828995,-0.8828995,-0.8828995,-0.8828995,-0.8828995,-0.8828995,-0.8828995,-0.8828995,-0.8828995,-0.8828995,-0.8828995,-0.8828995,-0.8828995,-0.8828995,-0.8828995,-0.8828995,-0.8828995,-0.8828995,-0.8828995,-0.8828995,-0.8828995,-0.8828995,-0.8828995,-0.8828995,-0.8828995,-0.8828995,-0.8828995,-0.8828995,-0.8828995,-0.8828995,-0.8828995,-0.8828995,-0.8828995,-0.8828995,-0.8828995,-0.8828995,-0.8828995,-0.8828995,-0.8828995,-0.8828995,-0.8828995,-0.8828995,-0.8828995,-0.8828995,-0.8828995,-0.8828995,-0.8828995,-0.8828995,-0.8828995,-0.8828995,-0.8828995,-0.8828995,-0.8828995,-0.8828995,-0.8828995,-0.8828995,-0.8828995,-0.8828995,-0.8828995,-0.8828995,-0.8828995,-0.8828995,-0.8828995,-0.8828995,-0.8828995,-0.8828995,-0.8828995,-0.8828995,-0.8828995,-0.8828995,-0.8828995,-0.8828995,-0.8828995,-0.8828995,-0.8828995,-0.8828995,-0.8828995,-0.8828995,-0.8828995,-0.8828995,-0.8828995,-0.8828995,-0.8828995,-0.8828995,-0.8828995,-0.8828995,-0.8828995,-0.8828995,-0.8828995,-0.8828995,-0.8828995,-0.8828995,-0.8828995,-0.8828995,-0.8828995,-0.8828995,-0.8828995,-0.8828995,-0.8828995,-0.8828995,-0.8828995,-0.8828995,-0.8828995,-0.8828995,-0.8828995,-0.8828995,-0.8828995,-0.8828995,-0.8828995,-0.8828995,-0.8828995,-0.8828995,-0.8828995,-0.8828995,-0.8828995,-0.8828995,-0.8828995,-0.8828995,-0.8828995,-0.8828995,-0.8828995,-0.8828995,-0.8828995,-0.8828995,-0.8828995,-0.8828995,-0.8828995,-0.8828995,-0.8828995,-0.8828995,-0.8828995,-0.8828995,-0.8828995,-0.8828995,-0.8828995,-0.8828995,-0.8828995,-0.8828995,-0.8828995,-0.8828995,-0.8828995,-0.8828995,-0.8828995,-0.8828995,-0.8828995,-0.8828995,-0.8828995,-0.8828995,-0.8828995,-0.8828995,-0.8828995,-0.8828995,-0.8828995,-0.8828995,-0.8828995,-0.8828995,-0.8828995,-0.8828995,-0.8828995,-0.8828995,-0.8828995,-0.8828995,-0.8828995,-0.8828995,-0.8828995,-0.8828995,-0.8828995,-0.8828995,-0.8828995,-0.8828995,-0.8828995,-0.8828995,-0.8828995,-0.8828995,-0.8828995,-0.8828995,-0.8828995,-0.8828995,-0.8828995,-0.8828995,-0.8828995,-0.8828995,-0.8828995,-0.8828995,-0.8828995,-0.8828995,-0.8828995,-0.8828995,-0.8828995,-0.8828995,-0.8828995,0
0,-0.8828995,-0.8828995,-0.8828995,-0.8828995,-0.8828995,-0.8828995,-0.8828995,-0.8828995,-0.8828995,-0.8828995,-0.8828995,-0.8828995,-0.8828995,-0.8828995,-0.8828995,-0.8828995,-0.8828995,-0.8828995,-0.8828995,-0.8828995,-0.8828995,-0.8828995,-0.8828995,-0.8828995,-0.8828995,-0.8828995,-0.8828995,-0.8828995,-0.8828995,-0.8828995,-0.8828995,-0.8828995,-0.8828995,-0.8828995,-0.8828995,-0.8828995,-0.8828995,-0.8828995,-0.8828995,-0.8828995,-0.8828995,-0.8828995,-0.8828995,-0.8828995,-0.8828995,-0.8828995,-0.8828995,-0.8828995,-0.8828995,-0.8828995,-0.8828995,-0.8828995,-0.8828995,-0.8828995,-0.8828995,-0.8828995,-0.8828995,-0.8828995,-0.8828995,-0.8828995,-0.8828995,-0.8828995,-0.8828995,-0.8828995,-0.8828995,-0.8828995,-0.8828995,-0.8828995,-0.8828995,-0.8828995,-0.8828995,-0.8828995,-0.8828995,-0.8828995,-0.8828995,-0.8828995,-0.8828995,-0.8828995,-0.8828995,-0.8828995,-0.8828995,-0.8828995,-0.8828995,-0.8828995,-0.8828995,-0.8828995,-0.8828995,-0.8828995,-0.8828995,-0.8828995,-0.8828995,-0.8828995,-0.8828995,-0.8828995,-0.8828995,-0.8828995,-0.8828995,-0.8828995,-0.8828995,-0.8828995,-0.8828995,-0.8828995,-0.8828995,-0.8828995,-0.8828995,-0.8828995,-0.8828995,-0.8828995,-0.8828995,-0.8828995,-0.8828995,-0.8828995,-0.8828995,-0.8828995,-0.8828995,-0.8828995,-0.8828995,-0.8828995,-0.8828995,-0.8828995,-0.8828995,-0.8828995,-0.8828995,-0.8828995,-0.8828995,-0.8828995,-0.8828995,-0.8828995,-0.8828995,-0.8828995,-0.8828995,-0.8828995,-0.8828995,-0.8828995,-0.8828995,-0.8828995,-0.8828995,-0.8828995,-0.8828995,-0.8828995,-0.8828995,-0.8828995,-0.8828995,-0.8828995,-0.8828995,-0.8828995,-0.8828995,-0.8828995,-0.8828995,-0.8828995,-0.8828995,-0.8828995,-0.8828995,-0.8828995,-0.8828995,-0.8828995,-0.8828995,-0.8828995,-0.8828995,-0.8828995,-0.8828995,-0.8828995,-0.8828995,-0.8828995,-0.8828995,-0.8828995,-0.8828995,-0.8828995,-0.8828995,-0.8828995,-0.8828995,-0.8828995,-0.8828995,-0.8828995,-0.8828995,-0.8828995,-0.8828995,-0.8828995,-0.8828995,-0.8828995,-0.8828995,-0.8828995,-0.8828995,-0.8828995,-0.8828995,-0.8828995,-0.8828995,-0.8828995,-0.8828995,-0.8828995,-0.8828995,-0.8828995,-0.8828995,-0.8828995,-0.8828995,-0.8828995,0
0,-0.8828995,-0.8828995,-0.8828995,-0.8828995,-0.8828995,-0.8828995,-0.8828995,-0.8828995,-0.8828995,-0.8828995,-0.8828995,-0.8828995,-0.8828995,-0.8828995,-0.8828995,-0.8828995,-0.8828995,-0.8828995,-0.8828995,-0.8828995,-0.8828995,-0.8828995,-0.8828995,-0.8828995,-0.8828995,-0.8828995,-0.8828995,-0.8828995,-0.8828995,-0.8828995,-0.8828995,-0.8828995,-0.8828995,-0.8828995,-0.8828995,-0.8828995,-0.8828995,-0.8828995,-0.8828995,-0.8828995,-0.8828995,-0.8828995,-0.8828995,-0.8828995,-0.8828995,-0.8828995,-0.8828995,-0.8828995,-0.8828995,-0.8828995,-0.8828995,-0.8828995,-0.8828995,-0.8828995,-0.8828995,-0.8828995,-0.8828995,-0.8828995,-0.8828995,-0.8828995,-0.8828995,-0.8828995,-0.8828995,-0.8828995,-0.8828995,-0.8828995,-0.8828995,-0.8828995,-0.8828995,-0.8828995,-0.8828995,-0.8828995,-0.8828995,-0.8828995,-0.8828995,-0.8828995,-0.8828995,-0.8828995,-0.8828995,-0.8828995,-0.8828995,-0.8828995,-0.8828995,-0.8828995,-0.8828995,-0.8828995,-0.8828995,-0.8828995,-0.8828995,-0.8828995,-0.8828995,-0.8828995,-0.8828995,-0.8828995,-0.8828995,-0.8828995,-0.8828995,-0.8828995,-0.8828995,-0.8828995,-0.8828995,-0.8828995,-0.8828995,-0.8828995,-0.8828995,-0.8828995,-0.8828995,-0.8828995,-0.8828995,-0.8828995,-0.8828995,-0.8828995,-0.8828995,-0.8828995,-0.8828995,-0.8828995,-0.8828995,-0.8828995,-0.8828995,-0.8828995,-0.8828995,-0.8828995,-0.8828995,-0.8828995,-0.8828995,-0.8828995,-0.8828995,-0.8828995,-0.8828995,-0.8828995,-0.8828995,-0.8828995,-0.8828995,-0.8828995,-0.8828995,-0.8828995,-0.8828995,-0.8828995,-0.8828995,-0.8828995,-0.8828995,-0.8828995,-0.8828995,-0.8828995,-0.8828995,-0.8828995,-0.8828995,-0.8828995,-0.8828995,-0.8828995,-0.8828995,-0.8828995,-0.8828995,-0.8828995,-0.8828995,-0.8828995,-0.8828995,-0.8828995,-0.8828995,0,0,0,0,0,0,0,0,0,0,0,0,0,0,0,0,0,0,0,0,0,0,0,0,0,0,0,0,0,0,0,0,0,0,0,0,0,0
0,0,0,0,0,0,0,0,0,0,0,0,0,0,0,0,0,0,0,0,0,0,0,0,0,0,0,0,0,0,0,0,0,0,0,0,0,0,0,0,0,0,0,0,0,0,0,0,0,0,0,0,0,0,0,0,0,0,0,0,0,0,0,0,0,0,0,0,0,0,0,0,0,0,0,0,0,0,0,0,0,0,0,0,0,0,0,0,0,0,0,0,0,0,0,0,0,0,0,0,0,0,0,0,0,0,0,0,0,0,0,0,0,0,0,0,0,0,0,0,0,0,0,0,0,0,0,0,0,0,0,0,0,0,0,0,0,0,0,0,0,0,0,0,0,0,0,0,0,0,0,0,0,0,0,0,0,0,0,0,0,0,0,0,0,0,0,0,0,0,0,0,0,0,0,0,0,0,0,0,0,0,0,0,0,0,0,0,0,0,0,0,0,0,0,0,0,0
0,0,0,0,0,0,0,0,0,0,0,0,0,0,0,0,0,0,0,0,0,0,0,0,0,0,0,0,0,0,0,0,0,0,0,0,0,0,0,0,0,0,0,0,0,0,0,0,0,0,0,0,0,0,0,0,0,0,0,0,0,0,0,0,0,0,0,0,0,0,0,0,0,0,0,0,0,0,0,0,0,0,0,0,0,0,0,0,0,0,0,0,0,0,0,0,0,0,0,0,0,0,0,0,0,0,0,0,0,0,0,0,0,0,0,0,0,0,0,0,0,0,0,0,0,0,0,0,0,0,0,0,0,0,0,0,0,0,0,0,0,0,0,0,0,0,0,0,0,0,0,0,0,0,0,0,0,0,0,0,0,0,0,0,0,0,0,0,0,0,0,0,0,0,0,0,0,0,0,0,0,0,0,0,0,0,0,0,0,0,0,0,0,0,0,0,0,0
0,0,0,0,0,0,0,0,0,0,0,0,0,0,0,0,0,0,0,0,0,0,0,0,0,0,0,0,0,0,0,0,0,0,0,0,0,0,0,0,0,0,0,0,0,0,0,0,0,0,0,0,0,0,0,0,0,0,0,0,0,0,0,0,0,0,0,0,0,0,0,0,0,0,0,0,0,0,0,0,0,0,0,0,0,0,0,0,0,0,0,0,0,0,0,0,0,0,0,0,0,0,0,0,0,0,0,0,0,0,0,0,0,0,0,0,0,0,0,0,0,0,0,0,0,0,0,0,0,0,0,0,0,0,0,0,0,0,0,0,0,0,0,0,0,0,0,0,0,0,0,0,0,0,0,0,0,0,0,0,0,0,0,0,0,0,0,0,0,0,0,0,0,0,0,0,0,0,0,0,0,0,0,0,0,0,0,0,0,0,0,0,0,0,0,0,0,0
0,0,0,0,0,0,0,0,0,0,0,0,0,0,0,0,0,0,0,0,0,0,0,0,0,0,0,0,0,0,0,0,0,0,0,0,0,0,0,0,0,0,0,0,0,0,0,0,0,0,0,0,0,0,0,0,0,0,0,0,0,0,0,0,0,0,0,0,0,0,0,0,0,0,0,0,0,0,0,0,0,0,0,0,0,0,0,0,0,0,0,0,0,0,0,0,0,0,0,0,0,0,0,0,0,0,0,0,0,0,0,0,0,0,0,0,0,0,0,0,0,0,0,0,0,0,0,0,0,0,0,0,0,0,0,0,0,0,0,0,0,0,0,0,0,0,0,0,0,0,0,0,0,0,0,0,0,0,0,0,0,0,0,0,0,0,0,0,0,0,0,0,0,0,0,0,0,0,0,0,0,0,0,0,0,0,0,0,0,0,0,0,0,0,0,0,0,0
0,0,0,0,0,0,0,0,0,0,0,0,0,0,0,0,0,0,0,0,0,0,0,0,0,0,0,0,0,0,0,0,0,0,0,0,0,0,0,0,0,0,0,0,0,0,0,0,0,0,0,0,0,0,0,0,0,0,0,0,0,0,0,0,0,0,0,0,0,0,0,0,0,0,0,0,0,0,0,0,0,0,0,0,0,0,0,0,0,0,0,0,0,0,0,0,0,0,0,0,0,0,0,0,0,0,0,0,0,0,0,0,0,0,0,0,0,0,0,0,0,0,0,0,0,0,0,0,0,0,0,0,0,0,0,0,0,0,0,0,0,0,0,0,0,0,0,0,0,0,0,0,0,0,0,0,0,0,0,0,0,0,0,0,0,0,0,0,0,0,0,0,0,0,0,0,0,0,0,0,0,0,0,0,0,0,0,0,0,0,0,0,0,0,0,0,0,0
0,0,0,0,0,0,0,0,0,0,0,0,0,0,0,0,0,0,0,0,0,0,0,0,0,0,0,0,0,0,0,0,0,0,0,0,0,0,0,0,0,0,0,0,0,0,0,0,0,0,0,0,0,0,0,0,0,0,0,0,0,0,0,0,0,0,0,0,0,0,0,0,0,0,0,0,0,0,0,0,0,0,0,0,0,0,0,0,0,0,0,0,0,0,0,0,0,0,0,0,0,0,0,0,0,0,0,0,0,0,0,0,0,0,0,0,0,0,0,0,0,0,0,0,0,0,0,0,0,0,0,0,0,0,0,0,0,0,0,0,0,0,0,0,0,0,0,0,0,0,0,0,0,0,0,0,0,0,0,0,0,0,0,0,0,0,0,0,0,0,0,0,0,0,0,0,0,0,0,0,0,0,0,0,0,0,0,0,0,0,0,0,0,0,0,0,0,0
0,0,0,0,0,0,0,0,0,0,0,0,0,0,0,0,0,0,0,0,0,0,0,0,0,0,0,0,0,0,0,0,0,0,0,0,0,0,0,0,0,0,0,0,0,0,0,0,0,0,0,0,0,0,0,0,0,0,0,0,0,0,0,0,0,0,0,0,0,0,0,0,0,0,0,0,0,0,0,0,0,0,0,0,0,0,0,0,0,0,0,0,0,0,0,0,0,0,0,0,0,0,0,0,0,0,0,0,0,0,0,0,0,0,0,0,0,0,0,0,0,0,0,0,0,0,0,0,0,0,0,0,0,0,0,0,0,0,0,0,0,0,0,0,0,0,0,0,0,0,0,0,0,0,0,0,0,0,0,0,0,0,0,0,0,0,0,0,0,0,0,0,0,0,0,0,0,0,0,0,0,0,0,0,0,0,0,0,0,0,0,0,0,0,0,0,0,0
0,0,0,0,0,0,0,0,0,0,0,0,0,0,0,0,0,0,0,0,0,0,0,0,0,0,0,0,0,0,0,0,0,0,0,0,0,0,0,0,0,0,0,0,0,0,0,0,0,0,0,0,0,0,0,0,0,0,0,0,0,0,0,0,0,0,0,0,0,0,0,0,0,0,0,0,0,0,0,0,0,0,0,0,0,0,0,0,0,0,0,0,0,0,0,0,0,0,0,0,0,0,0,0,0,0,0,0,0,0,0,0,0,0,0,0,0,0,0,0,0,0,0,0,0,0,0,0,0,0,0,0,0,0,0,0,0,0,0,0,0,0,0,0,0,0,0,0,0,0,0,0,0,0,0,0,0,0,0,0,0,0,0,0,0,0,0,0,0,0,0,0,0,0,0,0,0,0,0,0,0,0,0,0,0,0,0,0,0,0,0,0,0,0,0,0,0,0
0,0,0,0,0,0,0,0,0,0,0,0,0,0,0,0,0,0,0,0,0,0,0,0,0,0,0,0,0,0,0,0,0,0,0,0,0,0,0,0,0,0,0,0,0,0,0,0,0,0,0,0,0,0,0,0,0,0,0,0,0,0,0,0,0,0,0,0,0,0,0,0,0,0,0,0,0,0,0,0,0,0,0,0,0,0,0,0,0,0,0,0,0,0,0,0,0,0,0,0,0,0,0,0,0,0,0,0,0,0,0,0,0,0,0,0,0,0,0,0,0,0,0,0,0,0,0,0,0,0,0,0,0,0,0,0,0,0,0,0,0,0,0,0,0,0,0,0,0,0,0,0,0,0,0,0,0,0,0,0,0,0,0,0,0,0,0,0,0,0,0,0,0,0,0,0,0,0,0,0,0,0,0,0,0,0,0,0,0,0,0,0,0,0,0,0,0,0
0,0,0,0,0,0,0,0,0,0,0,0,0,0,0,0,0,0,0,0,0,0,0,0,0,0,0,0,0,0,0,0,0,0,0,0,0,0,0,0,0,0,0,0,0,0,0,0,0,0,0,0,0,0,0,0,0,0,0,0,0,0,0,0,0,0,0,0,0,0,0,0,0,0,0,0,0,0,0,0,0,0,0,0,0,0,0,0,0,0,0,0,0,0,0,0,0,0,0,0,0,0,0,0,0,0,0,0,0,0,0,0,0,0,0,0,0,0,0,0,0,0,0,0,0,0,0,0,0,0,0,0,0,0,0,0,0,0,0,0,0,0,0,0,0,0,0,0,0,0,0,0,0,0,0,0,0,0,0,0,0,0,0,0,0,0,0,0,0,0,0,0,0,0,0,0,0,0,0,0,0,0,0,0,0,0,0,0,0,0,0,0,0,0,0,0,0,0
0,0,0,0,0,0,0,0,0,0,0,0,0,0,0,0,0,0,0,0,0,0,0,0,0,0,0,0,0,0,0,0,0,0,0,0,0,0,0,0,0,0,0,0,0,0,0,0,0,0,0,0,0,0,0,0,0,0,0,0,0,0,0,0,0,0,0,0,0,0,0,0,0,0,0,0,0,0,0,0,0,0,0,0,0,0,0,0,0,0,0,0,0,0,0,0,0,0,0,0,0,0,0,0,0,0,0,0,0,0,0,0,0,0,0,0,0,0,0,0,0,0,0,0,0,0,0,0,0,0,0,0,0,0,0,0,0,0,0,0,0,0,0,0,0,0,0,0,0,0,0,0,0,0,0,0,0,0,0,0,0,0,0,0,0,0,0,0,0,0,0,0,0,0,0,0,0,0,0,0,0,0,0,0,0,0,0,0,0,0,0,0,0,0,0,0,0,0
0,0,0,0,0,0,0,0,0,0,0,0,0,0,0,0,0,0,0,0,0,0,0,0,0,0,0,0,0,0,0,0,0,0,0,0,0,0,0,0,0,0,0,0,0,0,0,0,0,0,0,0,0,0,0,0,0,0,0,0,0,0,0,0,0,0,0,0,0,0,0,0,0,0,0,0,0,0,0,0,0,0,0,0,0,0,0,0,0,0,0,0,0,0,0,0,0,0,0,0,0,0,0,0,0,0,0,0,0,0,0,0,0,0,0,0,0,0,0,0,0,0,0,0,0,0,0,0,0,0,0,0,0,0,0,0,0,0,0,0,0,0,0,0,0,0,0,0,0,0,0,0,0,0,0,0,0,0,0,0,0,0,0,0,0,0,0,0,0,0,0,0,0,0,0,0,0,0,0,0,0,0,0,0,0,0,0,0,0,0,0,0,0,0,0,0,0,0
0,0,0,0,0,0,0,0,0,0,0,0,0,0,0,0,0,0,0,0,0,0,0,0,0,0,0,0,0,0,0,0,0,0,0,0,0,0,0,0,0,0,0,0,0,0,0,0,0,0,0,0,0,0,0,0,0,0,0,0,0,0,0,0,0,0,0,0,0,0,0,0,0,0,0,0,0,0,0,0,0,0,0,0,0,0,0,0,0,0,0,0,0,0,0,0,0,0,0,0,0,0,0,0,0,0,0,0,0,0,0,0,0,0,0,0,0,0,0,0,0,0,0,0,0,0,0,0,0,0,0,0,0,0,0,0,0,0,0,0,0,0,0,0,0,0,0,0,0,0,0,0,0,0,0,0,0,0,0,0,0,0,0,0,0,0,0,0,0,0,0,0,0,0,0,0,0,0,0,0,0,0,0,0,0,0,0,0,0,0,0,0,0,0,0,0,0,0
0,0,0,0,0,0,0,0,0,0,0,0,0,0,0,0,0,0,0,0,0,0,0,0,0,0,0,0,0,0,0,0,0,0,0,0,0,0,0,0,0,0,0,0,0,0,0,0,0,0,0,0,0,0,0,0,0,0,0,0,0,0,0,0,0,0,0,0,0,0,0,0,0,0,0,0,0,0,0,0,0,0,0,0,0,0,0,0,0,0,0,0,0,0,0,0,0,0,0,0,0,0,0,0,0,0,0,0,0,0,0,0,0,0,0,0,0,0,0,0,0,0,0,0,0,0,0,0,0,0,0,0,0,0,0,0,0,0,0,0,0,0,0,0,0,0,0,0,0,0,0,0,0,0,0,0,0,0,0,0,0,0,0,0,0,0,0,0,0,0,0,0,0,0,0,0,0,0,0,0,0,0,0,0,0,0,0,0,0,0,0,0,0,0,0,0,0,0
0,0,0,0,0,0,0,0,0,0,0,0,0,0,0,0,0,0,0,0,0,0,0,0,0,0,0,0,0,0,0,0,0,0,0,0,0,0,0,0,0,0,0,0,0,0,0,0,0,0,0,0,0,0,0,0,0,0,0,0,0,0,0,0,0,0,0,0,0,0,0,0,0,0,0,0,0,0,0,0,0,0,0,0,0,0,0,0,0,0,0,0,0,0,0,0,0,0,0,0,0,0,0,0,0,0,0,0,0,0,0,0,0,0,0,0,0,0,0,0,0,0,0,0,0,0,0,0,0,0,-0.9649357,-0.9649357,-0.9649357,-0.9649357,-0.9649357,-0.9649357,-0.9649357,-0.9649357,-0.9649357,-0.9649357,-0.9649357,-0.9649357,-0.9649357,-0.9649357,-0.9649357,-0.9649357,-0.9649357,-0.9649357,-0.9649357,-0.9649357,-0.9649357,-0.9649357,-0.9649357,-0.9649357,-0.9649357,-0.9649357,-0.9649357,-0.9649357,-0.9649357,-0.9649357,-0.9649357,-0.9649357,-0.9649357,-0.9649357,-0.9649357,-0.9649357,-0.9649357,-0.9649357,-0.9649357,-0.9649357,-0.9649357,-0.9649357,-0.9649357,-0.9649357,-0.9649357,-0.9649357,-0.9649357,-0.9649357,-0.9649357,-0.9649357,-0.9649357,-0.9649357,-0.9649357,-0.9649357,-0.9649357,-0.9649357,-0.9649357,-0.9649357,-0.9649357,-0.9649357,-0.9649357,-0.9649357,-0.9649357,-0.9649357,-0.9649357,-0.9649357,-0.9649357,0
0,-0.9649357,-0.9649357,-0.9649357,-0.9649357,-0.9649357,-0.9649357,-0.9649357,-0.9649357,-0.9649357,-0.9649357,-0.9649357,-0.9649357,-0.9649357,-0.9649357,-0.9649357,-0.9649357,-0.9649357,-0.9649357,-0.9649357,-0.9649357,-0.9649357,-0.9649357,-0.9649357,-0.9649357,-0.9649357,-0.9649357,-0.9649357,-0.9649357,-0.9649357,-0.9649357,-0.9649357,-0.9649357,-0.9649357,-0.9649357,-0.9649357,-0.9649357,-0.9649357,-0.9649357,-0.9649357,-0.9649357,-0.9649357,-0.9649357,-0.9649357,-0.9649357,-0.9649357,-0.9649357,-0.9649357,-0.9649357,-0.9649357,-0.9649357,-0.9649357,-0.9649357,-0.9649357,-0.9649357,-0.9649357,-0.9649357,-0.9649357,-0.9649357,-0.9649357,-0.9649357,-0.9649357,-0.9649357,-0.9649357,-0.9649357,-0.9649357,-0.9649357,-0.9649357,-0.9649357,-0.9649357,-0.9649357,-0.9649357,-0.9649357,-0.9649357,-0.9649357,-0.9649357,-0.9649357,-0.9649357,-0.9649357,-0.9649357,-0.9649357,-0.9649357,-0.9649357,-0.9649357,-0.9649357,-0.9649357,-0.9649357,-0.9649357,-0.9649357,-0.9649357,-0.9649357,-0.9649357,-0.9649357,-0.9649357,-0.9649357,-0.9649357,-0.9649357,-0.9649357,-0.9649357,-0.9649357,-0.9649357,-0.9649357,-0.9649357,-0.9649357,-0.9649357,-0.9649357,-0.9649357,-0.9649357,-0.9649357,-0.9649357,-0.9649357,-0.9649357,-0.9649357,-0.9649357,-0.9649357,-0.9649357,-0.9649357,-0.9649357,-0.9649357,-0.9649357,-0.9649357,-0.9649357,-0.9649357,-0.9649357,-0.9649357,-0.9649357,-0.9649357,-0.9649357,-0.9649357,-0.9649357,-0.9649357,-0.9649357,-0.9649357,-0.9649357,-0.9649357,-0.9649357,-0.9649357,-0.9649357,-0.9649357,-0.9649357,-0.9649357,-0.9649357,-0.9649357,-0.9649357,-0.9649357,-0.9649357,-0.9649357,-0.9649357,-0.9649357,-0.9649357,-0.9649357,-0.9649357,-0.9649357,-0.9649357,-0.9649357,-0.9649357,-0.9649357,-0.9649357,-0.9649357,-0.9649357,-0.9649357,-0.9649357,-0.9649357,-0.9649357,-0.9649357,-0.9649357,-0.9649357,-0.9649357,-0.9649357,-0.9649357,-0.9649357,-0.9649357,-0.9649357,-0.9649357,-0.9649357,-0.9649357,-0.9649357,-0.9649357,-0.9649357,-0.9649357,-0.9649357,-0.9649357,-0.9649357,-0.9649357,-0.9649357,-0.9649357,-0.9649357,-0.9649357,-0.9649357,-0.9649357,-0.9649357,-0.9649357,-0.9649357,-0.9649357,-0.9649357,-0.9649357,-0.9649357,0
0,-0.9649357,-0.9649357,-0.9649357,-0.9649357,-0.9649357,-0.9649357,-0.9649357,-0.9649357,-0.9649357,-0.9649357,-0.9649357,-0.9649357,-0.9649357,-0.9649357,-0.9649357,-0.9649357,-0.9649357,-0.9649357,-0.9649357,-0.9649357,-0.9649357,-0.9649357,-0.9649357,-0.9649357,-0.9649357,-0.9649357,-0.9649357,-0.9649357,-0.9649357,-0.9649357,-0.9649357,-0.9649357,-0.9649357,-0.9649357,-0.9649357,-0.9649357,-0.9649357,-0.9649357,-0.9649357,-0.9649357,-0.9649357,-0.9649357,-0.9649357,-0.9649357,-0.9649357,-0.9649357,-0.9649357,-0.9649357,-0.9649357,-0.9649357,-0.9649357,-0.9649357,-0.9649357,-0.9649357,-0.9649357,-0.9649357,-0.9649357,-0.9649357,-0.9649357,-0.9649357,-0.9649357,-0.9649357,-0.9649357,-0.9649357,-0.9649357,-0.9649357,-0.9649357,-0.9649357,-0.9649357,-0.9649357,-0.9649357,-0.9649357,-0.9649357,-0.9649357,-0.9649357,-0.9649357,-0.9649357,-0.9649357,-0.9649357,-0.9649357,-0.9649357,-0.9649357,-0.9649357,-0.9649357,-0.9649357,-0.9649357,-0.9649357,-0.9649357,-0.9649357,-0.9649357,-0.9649357,-0.9649357,-0.9649357,-0.9649357,-0.9649357,-0.9649357,-0.9649357,-0.9649357,-0.9649357,-0.9649357,-0.9649357,-0.9649357,-0.9649357,-0.9649357,-0.9649357,-0.9649357,-0.9649357,-0.9649357,-0.9649357,-0.9649357,-0.9649357,-0.9649357,-0.9649357,-0.9649357,-0.9649357,-0.9649357,-0.9649357,-0.9649357,-0.9649357,-0.9649357,-0.9649357,-0.9649357,-0.9649357,-0.9649357,-0.9649357,-0.9649357,-0.9649357,-0.9649357,-0.9649357,-0.9649357,-0.9649357,-0.9649357,-0.9649357,-0.9649357,-0.9649357,-0.9649357,-0.9649357,-0.9649357,-0.9649357,-0.9649357,-0.9649357,-0.9649357,-0.9649357,-0.9649357,-0.9649357,-0.9649357,-0.9649357,-0.9649357,-0.9649357,-0.9649357,-0.9649357,-0.9649357,-0.9649357,-0.9649357,-0.9649357,-0.9649357,-0.9649357,-0.9649357,-0.9649357,-0.9649357,-0.9649357,-0.9649357,-0.9649357,-0.9649357,-0.9649357,-0.9649357,-0.9649357,-0.9649357,-0.9649357,-0.9649357,-0.9649357,-0.9649357,-0.9649357,-0.9649357,-0.9649357,-0.9649357,-0.9649357,-0.9649357,-0.9649357,-0.9649357,-0.9649357,-0.9649357,-0.9649357,-0.9649357,-0.9649357,-0.9649357,-0.9649357,-0.9649357,-0.9649357,-0.9649357,-0.9649357,-0.9649357,-0.9649357,-0.9649357,-0.9649357,-0.9649357,0
0,-0.9649357,-0.9649357,-0.9649357,-0.9649357,-0.9649357,-0.9649357,-0.9649357,-0.9649357,-0.9649357,-0.9649357,-0.9649357,-0.9649357,-0.9649357,-0.9649357,-0.9649357,-0.9649357,-0.9649357,-0.9649357,-0.9649357,-0.9649357,-0.9649357,-0.9649357,-0.9649357,-0.9649357,-0.9649357,-0.9649357,-0.9649357,-0.9649357,-0.9649357,-0.9649357,-0.9649357,-0.9649357,-0.9649357,-0.9649357,-0.9649357,-0.9649357,-0.9649357,-0.9649357,-0.9649357,-0.9649357,-0.9649357,-0.9649357,-0.9649357,-0.9649357,-0.9649357,-0.9649357,-0.9649357,-0.9649357,-0.9649357,-0.9649357,-0.9649357,-0.9649357,-0.9649357,-0.9649357,-0.9649357,-0.9649357,-0.9649357,-0.9649357,-0.9649357,-0.9649357,-0.9649357,-0.9649357,-0.9649357,-0.9649357,-0.9649357,-0.9649357,-0.9649357,-0.9649357,-0.9649357,-0.9649357,-0.9649357,-0.9649357,-0.9649357,-0.9649357,-0.9649357,-0.9649357,-0.9649357,-0.9649357,-0.9649357,-0.9649357,-0.9649357,-0.9649357,-0.9649357,-0.9649357,-0.9649357,-0.9649357,-0.9649357,-0.9649357,-0.9649357,-0.9649357,-0.9649357,-0.9649357,-0.9649357,-0.9649357,-0.9649357,-0.9649357,-0.9649357,-0.9649357,-0.9649357,-0.9649357,-0.9649357,-0.9649357,-0.9649357,-0.9649357,-0.9649357,-0.9649357,-0.9649357,-0.9649357,-0.9649357,-0.9649357,-0.9649357,-0.9649357,-0.9649357,-0.9649357,-0.9649357,-0.9649357,-0.9649357,-0.9649357,-0.9649357,-0.9649357,-0.9649357,-0.9649357,-0.9649357,-0.9649357,-0.9649357,-0.9649357,-0.9649357,-0.9649357,-0.9649357,-0.9649357,-0.9649357,-0.9649357,-0.9649357,-0.9649357,-0.9649357,-0.9649357,-0.9649357,-0.9649357,-0.9649357,-0.9649357,-0.9649357,-0.9649357,-0.9649357,-0.9649357,-0.9649357,-0.9649357,-0.9649357,-0.9649357,-0.9649357,-0.9649357,-0.9649357,-0.9649357,-0.9649357,-0.9649357,-0.9649357,-0.9649357,-0.9649357,-0.9649357,-0.9649357,-0.9649357,-0.9649357,-0.9649357,-0.9649357,-0.9649357,-0.9649357,-0.9649357,-0.9649357,-0.9649357,-0.9649357,-0.9649357,-0.9649357,-0.9649357,-0.9649357,-0.9649357,-0.9649357,-0.9649357,-0.9649357,-0.9649357,-0.9649357,-0.9649357,-0.9649357,-0.9649357,-0.9649357,-0.9649357,-0.9649357,-0.9649357,-0.9649357,-0.9649357,-0.9649357,-0.9649357,-0.9649357,-0.9649357,-0.9649357,-0.9649357,-0.9649357,-0.9649357,0
0,-0.9649357,-0.9649357,-0.9649357,-0.9649357,-0.9649357,-0.9649357,-0.9649357,-0.9649357,-0.9649357,-0.9649357,-0.9649357,-0.9649357,-0.9649357,-0.9649357,-0.9649357,-0.9649357,-0.9649357,-0.9649357,-0.9649357,-0.9649357,-0.9649357,-0.9649357,-0.9649357,-0.9649357,-0.9649357,-0.9649357,-0.9649357,-0.9649357,-0.9649357,-0.9649357,-0.9649357,-0.9649357,-0.9649357,-0.9649357,-0.9649357,-0.9649357,-0.9649357,-0.9649357,-0.9649357,-0.9649357,-0.9649357,-0.9649357,-0.9649357,-0.9649357,-0.9649357,-0.9649357,-0.9649357,-0.9649357,-0.9649357,-0.9649357,-0.9649357,-0.9649357,-0.9649357,-0.9649357,-0.9649357,-0.9649357,-0.9649357,-0.9649357,-0.9649357,-0.9649357,-0.9649357,-0.9649357,-0.9649357,-0.9649357,-0.9649357,-0.9649357,-0.9649357,-0.9649357,-0.9649357,-0.9649357,-0.9649357,-0.9649357,-0.9649357,-0.9649357,-0.9649357,-0.9649357,-0.9649357,-0.9649357,-0.9649357,-0.9649357,-0.9649357,-0.9649357,-0.9649357,-0.9649357,-0.9649357,-0.9649357,-0.9649357,-0.9649357,-0.9649357,-0.9649357,-0.9649357,-0.9649357,-0.9649357,-0.9649357,-0.9649357,-0.9649357,-0.9649357,-0.9649357,-0.9649357,-0.9649357,-0.9649357,-0.9649357,-0.9649357,-0.9649357,-0.9649357,-0.9649357,-0.9649357,-0.9649357,-0.9649357,-0.9649357,-0.9649357,-0.9649357,-0.9649357,-0.9649357,-0.9649357,-0.9649357,-0.9649357,-0.9649357,-0.9649357,-0.9649357,-0.9649357,-0.9649357,-0.9649357,-0.9649357,-0.9649357,-0.9649357,-0.9649357,-0.9649357,-0.9649357,-0.9649357,-0.9649357,-0.9649357,-0.9649357,-0.9649357,-0.9649357,-0.9649357,-0.9649357,-0.9649357,-0.9649357,-0.9649357,-0.9649357,-0.9649357,-0.9649357,-0.9649357,-0.9649357,-0.9649357,-0.9649357,-0.9649357,-0.9649357,-0.9649357,-0.9649357,-0.9649357,-0.9649357,-0.9649357,-0.9649357,-0.9649357,-0.9649357,-0.9649357,-0.9649357,-0.9649357,-0.9649357,-0.9649357,-0.9649357,-0.9649357,-0.9649357,-0.9649357,-0.9649357,-0.9649357,-0.9649357,-0.9649357,-0.9649357,-0.9649357,-0.9649357,-0.9649357,-0.9649357,-0.9649357,-0.9649357,-0.9649357,-0.9649357,-0.9649357,-0.9649357,-0.9649357,-0.9649357,-0.9649357,-0.9649357,-0.9649357,-0.9649357,-0.9649357,-0.9649357,-0.9649357,-0.9649357,-0.9649357,-0.9649357,-0.9649357,-0.9649357,-0.9649357,0
0,-0.9649357,-0.9649357,-0.9649357,-0.9649357,-0.9649357,-0.9649357,-0.9649357,-0.9649357,-0.9649357,-0.9649357,-0.9649357,-0.9649357,-0.9649357,-0.9649357,-0.9649357,-0.9649357,-0.9649357,-0.9649357,-0.9649357,-0.9649357,-0.9649357,-0.9649357,-0.9649357,-0.9649357,-0.9649357,-0.9649357,-0.9649357,-0.9649357,-0.9649357,-0.9649357,-0.9649357,-0.9649357,-0.9649357,-0.9649357,-0.9649357,-0.9649357,-0.9649357,-0.9649357,-0.9649357,-0.9649357,-0.9649357,-0.9649357,-0.9649357,-0.9649357,-0.9649357,-0.9649357,-0.9649357,-0.9649357,-0.9649357,-0.9649357,-0.9649357,-0.9649357,-0.9649357,-0.9649357,-0.9649357,-0.9649357,-0.9649357,-0.9649357,-0.9649357,-0.9649357,-0.9649357,-0.9649357,-0.9649357,-0.9649357,-0.9649357,-0.9649357,-0.9649357,-0.9649357,-0.9649357,-0.9649357,-0.9649357,-0.9649357,-0.9649357,-0.9649357,-0.9649357,-0.9649357,-0.9649357,-0.9649357,-0.9649357,-0.9649357,-0.9649357,-0.9649357,-0.9649357,-0.9649357,-0.9649357,-0.9649357,-0.9649357,-0.9649357,-0.9649357,-0.9649357,-0.9649357,-0.9649357,-0.9649357,-0.9649357,-0.9649357,-0.9649357,-0.9649357,-0.9649357,-0.9649357,-0.9649357,-0.9649357,-0.9649357,-0.9649357,-0.9649357,-0.9649357,-0.9649357,-0.9649357,-0.9649357,-0.9649357,-0.9649357,-0.9649357,-0.9649357,-0.9649357,-0.9649357,-0.9649357,-0.9649357,-0.9649357,-0.9649357,-0.9649357,-0.9649357,-0.9649357,-0.9649357,-0.9649357,-0.9649357,-0.9649357,-0.9649357,-0.9649357,-0.9649357,-0.9649357,-0.9649357,-0.9649357,-0.9649357,-0.9649357,-0.9649357,-0.9649357,-0.9649357,-0.9649357,-0.9649357,-0.9649357,-0.9649357,-0.9649357,-0.9649357,-0.9649357,-0.9649357,-0.9649357,-0.9649357,-0.9649357,-0.9649357,-0.9649357,-0.9649357,-0.9649357,-0.9649357,-0.9649357,-0.9649357,-0.9649357,-0.9649357,-0.9649357,-0.9649357,-0.9649357,-0.9649357,-0.9649357,-0.9649357,-0.9649357,-0.9649357,-0.9649357,-0.9649357,-0.9649357,-0.9649357,-0.9649357,-0.9649357,-0.9649357,-0.9649357,-0.9649357,-0.9649357,-0.9649357,-0.9649357,-0.9649357,-0.9649357,-0.9649357,-0.9649357,-0.9649357,-0.9649357,-0.9649357,-0.9649357,-0.9649357,-0.9649357,-0.9649357,-0.9649357,-0.9649357,-0.9649357,-0.9649357,-0.9649357,-0.9649357,-0.9649357,-0.9649357,-0.9649357,0
0,-0.9649357,-0.9649357,-0.9649357,-0.9649357,-0.9649357,-0.9649357,-0.9649357,-0.9649357,-0.9649357,-0.9649357,-0.9649357,-0.9649357,-0.9649357,-0.9649357,-0.9649357,-0.9649357,-0.9649357,-0.9649357,-0.9649357,-0.9649357,-0.9649357,-0.9649357,-0.9649357,-0.9649357,-0.9649357,-0.9649357,-0.9649357,-0.9649357,-0.9649357,-0.9649357,-0.9649357,-0.9649357,-0.9649357,-0.9649357,-0.9649357,-0.9649357,-0.9649357,-0.9649357,-0.9649357,-0.9649357,-0.9649357,-0.9649357,-0.9649357,-0.9649357,-0.9649357,-0.9649357,-0.9649357,-0.9649357,-0.9649357,-0.9649357,-0.9649357,-0.9649357,-0.9649357,-0.9649357,-0.9649357,-0.9649357,-0.9649357,-0.9649357,-0.9649357,-0.9649357,-0.9649357,-0.9649357,-0.9649357,-0.9649357,-0.9649357,-0.9649357,-0.9649357,-0.9649357,-0.9649357,-0.9649357,-0.9649357,-0.9649357,-0.9649357,-0.9649357,-0.9649357,-0.9649357,-0.9649357,-0.9649357,-0.9649357,-0.9649357,-0.9649357,-0.9649357,-0.9649357,-0.9649357,-0.9649357,-0.9649357,-0.9649357,-0.9649357,-0.9649357,-0.9649357,-0.9649357,-0.9649357,-0.9649357,-0.9649357,-0.9649357,-0.9649357,-0.9649357,-0.9649357,-0.9649357,-0.9649357,-0.9649357,-0.9649357,-0.9649357,-0.9649357,-0.9649357,-0.9649357,-0.9649357,-0.9649357,-0.9649357,-0.9649357,-0.9649357,-0.9649357,-0.9649357,-0.9649357,-0.9649357,-0.9649357,-0.9649357,-0.9649357,-0.9649357,-0.9649357,-0.9649357,-0.9649357,-0.9649357,-0.9649357,-0.9649357,-0.9649357,-0.9649357,-0.9649357,-0.9649357,-0.9649357,-0.9649357,-0.9649357,-0.9649357,-0.9649357,-0.9649357,-0.9649357,-0.9649357,-0.9649357,-0.9649357,-0.9649357,-0.9649357,-0.9649357,-0.9649357,-0.9649357,-0.9649357,-0.9649357,-0.9649357,-0.9649357,-0.9649357,-0.9649357,-0.9649357,-0.9649357,-0.9649357,-0.9649357,-0.9649357,-0.9649357,-0.9649357,-0.9649357,-0.9649357,-0.9649357,-0.9649357,-0.9649357,-0.9649357,-0.9649357,-0.9649357,-0.9649357,-0.9649357,-0.9649357,-0.9649357,-0.9649357,-0.9649357,-0.9649357,-0.9649357,-0.9649357,-0.9649357,-0.9649357,-0.9649357,-0.9649357,-0.9649357,-0.9649357,-0.9649357,-0.9649357,-0.9649357,-0.9649357,-0.9649357,-0.9649357,-0.9649357,-0.9649357,-0.9649357,-0.9649357,-0.9649357,-0.9649357,-0.9649357,-0.9649357,-0.9649357,-0.9649357,0
0,-0.9649357,-0.9649357,-0.9649357,-0.9649357,-0.9649357,-0.9649357,-0.9649357,-0.9649357,-0.9649357,-0.9649357,-0.9649357,-0.9649357,-0.9649357,-0.9649357,-0.9649357,-0.9649357,-0.9649357,-0.9649357,-0.9649357,-0.9649357,-0.9649357,-0.9649357,-0.9649357,-0.9649357,-0.9649357,-0.9649357,-0.9649357,-0.9649357,-0.9649357,-0.9649357,-0.9649357,-0.9649357,-0.9649357,-0.9649357,-0.9649357,-0.9649357,-0.9649357,-0.9649357,-0.9649357,-0.9649357,-0.9649357,-0.9649357,-0.9649357,-0.9649357,-0.9649357,-0.9649357,-0.9649357,-0.9649357,-0.9649357,-0.9649357,-0.9649357,-0.9649357,-0.9649357,-0.9649357,-0.9649357,-0.9649357,-0.9649357,-0.9649357,-0.9649357,-0.9649357,-0.9649357,-0.9649357,-0.9649357,-0.9649357,-0.9649357,-0.9649357,-0.9649357,-0.9649357,-0.9649357,-0.9649357,-0.9649357,-0.9649357,-0.9649357,-0.9649357,-0.9649357,-0.9649357,-0.9649357,-0.9649357,-0.9649357,-0.9649357,-0.9649357,-0.9649357,-0.9649357,-0.9649357,-0.9649357,-0.9649357,-0.9649357,-0.9649357,-0.9649357,-0.9649357,-0.9649357,-0.9649357,-0.9649357,-0.9649357,-0.9649357,-0.9649357,-0.9649357,-0.9649357,-0.9649357,-0.9649357,-0.9649357,-0.9649357,-0.9649357,-0.9649357,-0.9649357,-0.9649357,-0.9649357,-0.9649357,-0.9649357,-0.9649357,-0.9649357,-0.9649357,-0.9649357,-0.9649357,-0.9649357,-0.9649357,-0.9649357,-0.9649357,-0.9649357,-0.9649357,-0.9649357,-0.9649357,-0.9649357,-0.9649357,-0.9649357,-0.9649357,-0.9649357,-0.9649357,-0.9649357,-0.9649357,-0.9649357,-0.9649357,-0.9649357,-0.9649357,-0.9649357,-0.9649357,-0.9649357,-0.9649357,-0.9649357,-0.9649357,-0.9649357,-0.9649357,-0.9649357,-0.9649357,-0.9649357,-0.9649357,-0.9649357,-0.9649357,-0.9649357,-0.9649357,-0.9649357,-0.9649357,-0.9649357,-0.9649357,-0.9649357,-0.9649357,-0.9649357,-0.9649357,-0.9649357,-0.9649357,-0.9649357,-0.9649357,-0.9649357,-0.9649357,-0.9649357,-0.9649357,-0.9649357,-0.9649357,-0.9649357,-0.9649357,-0.9649357,-0.9649357,-0.9649357,-0.9649357,-0.9649357,-0.9649357,-0.9649357,-0.9649357,-0.9649357,-0.9649357,-0.9649357,-0.9649357,-0.9649357,-0.9649357,-0.9649357,-0.9649357,-0.9649357,-0.9649357,-0.9649357,-0.9649357,-0.9649357,-0.9649357,-0.9649357,-0.9649357,-0.9649357,-0.9649357,0
0,-0.9649357,-0.9649357,-0.9649357,-0.9649357,-0.9649357,-0.9649357,-0.9649357,-0.9649357,-0.9649357,-0.9649357,-0.9649357,-0.9649357,-0.9649357,-0.9649357,-0.9649357,-0.9649357,-0.9649357,-0.9649357,-0.9649357,-0.9649357,-0.9649357,-0.9649357,-0.9649357,-0.9649357,-0.9649357,-0.9649357,-0.9649357,-0.9649357,-0.9649357,-0.9649357,-0.9649357,-0.9649357,-0.9649357,-0.9649357,-0.9649357,-0.9649357,-0.9649357,-0.9649357,-0.9649357,-0.9649357,-0.9649357,-0.9649357,-0.9649357,-0.9649357,-0.9649357,-0.9649357,-0.9649357,-0.9649357,-0.9649357,-0.9649357,-0.9649357,-0.9649357,-0.9649357,-0.9649357,-0.9649357,-0.9649357,-0.9649357,-0.9649357,-0.9649357,-0.9649357,-0.9649357,-0.9649357,-0.9649357,-0.9649357,-0.9649357,-0.9649357,-0.9649357,-0.9649357,-0.9649357,-0.9649357,-0.9649357,-0.9649357,-0.9649357,-0.9649357,-0.9649357,-0.9649357,-0.9649357,-0.9649357,-0.9649357,-0.9649357,-0.9649357,-0.9649357,-0.9649357,-0.9649357,-0.9649357,-0.9649357,-0.9649357,-0.9649357,-0.9649357,-0.9649357,-0.9649357,-0.9649357,-0.9649357,-0.9649357,-0.9649357,-0.9649357,-0.9649357,-0.9649357,-0.9649357,-0.9649357,-0.9649357,-0.9649357,-0.9649357,-0.9649357,-0.9649357,-0.9649357,-0.9649357,-0.9649357,-0.9649357,-0.9649357,-0.9649357,-0.9649357,-0.9649357,-0.9649357,-0.9649357,-0.9649357,-0.9649357,-0.9649357,-0.9649357,-0.9649357,-0.9649357,-0.9649357,-0.9649357,-0.9649357,-0.9649357,-0.9649357,-0.9649357,-0.9649357,-0.9649357,-0.9649357,-0.9649357,-0.9649357,-0.9649357,-0.9649357,-0.9649357,-0.9649357,-0.9649357,-0.9649357,-0.9649357,-0.9649357,-0.9649357,-0.9649357,-0.9649357,-0.9649357,-0.9649357,-0.9649357,-0.9649357,-0.9649357,-0.9649357,-0.9649357,-0.9649357,-0.9649357,-0.9649357,-0.9649357,-0.9649357,-0.9649357,-0.9649357,-0.9649357,-0.9649357,-0.9649357,-0.9649357,-0.9649357,-0.9649357,-0.9649357,-0.9649357,-0.9649357,-0.9649357,-0.9649357,-0.9649357,-0.9649357,-0.9649357,-0.9649357,-0.9649357,-0.9649357,-0.9649357,-0.9649357,-0.9649357,-0.9649357,-0.9649357,-0.9649357,-0.9649357,-0.9649357,-0.9649357,-0.9649357,-0.9649357,-0.9649357,-0.9649357,-0.9649357,-0.9649357,-0.9649357,-0.9649357,-0.9649357,-0.9649357,-0.9649357,-0.9649357,-0.9649357,0
0,-0.9649357,-0.9649357,-0.9649357,-0.9649357,-0.9649357,-0.9649357,-0.9649357,-0.9649357,-0.9649357,-0.9649357,-0.9649357,-0.9649357,-0.9649357,-0.9649357,-0.9649357,-0.9649357,-0.9649357,-0.9649357,-0.9649357,-0.9649357,-0.9649357,-0.9649357,-0.9649357,-0.9649357,-0.9649357,-0.9649357,-0.9649357,-0.9649357,-0.9649357,-0.9649357,-0.9649357,-0.9649357,-0.9649357,-0.9649357,-0.9649357,-0.9649357,-0.9649357,-0.9649357,-0.9649357,-0.9649357,-0.9649357,-0.9649357,-0.9649357,-0.9649357,-0.9649357,-0.9649357,-0.9649357,-0.9649357,-0.9649357,-0.9649357,-0.9649357,-0.9649357,-0.9649357,-0.9649357,-0.9649357,-0.9649357,-0.9649357,-0.9649357,-0.9649357,-0.9649357,-0.9649357,-0.9649357,-0.9649357,-0.9649357,-0.9649357,-0.9649357,-0.9649357,-0.9649357,-0.9649357,-0.9649357,-0.9649357,-0.9649357,-0.9649357,-0.9649357,-0.9649357,-0.9649357,-0.9649357,-0.9649357,-0.9649357,-0.9649357,-0.9649357,-0.9649357,-0.9649357,-0.9649357,-0.9649357,-0.9649357,-0.9649357,-0.9649357,-0.9649357,-0.9649357,-0.9649357,-0.9649357,-0.9649357,-0.9649357,-0.9649357,-0.9649357,-0.9649357,-0.9649357,-0.9649357,-0.9649357,-0.9649357,-0.9649357,-0.9649357,-0.9649357,-0.9649357,-0.9649357,-0.9649357,-0.9649357,-0.9649357,-0.9649357,-0.9649357,-0.9649357,-0.9649357,-0.9649357,-0.9649357,-0.9649357,-0.9649357,-0.9649357,-0.9649357,-0.9649357,-0.9649357,-0.9649357,-0.9649357,-0.9649357,-0.9649357,-0.9649357,-0.9649357,-0.9649357,-0.9649357,-0.9649357,-0.9649357,-0.9649357,-0.9649357,-0.9649357,-0.9649357,-0.9649357,-0.9649357,-0.9649357,-0.9649357,-0.9649357,-0.9649357,-0.9649357,-0.9649357,-0.9649357,-0.9649357,-0.9649357,-0.9649357,-0.9649357,-0.9649357,-0.9649357,-0.9649357,-0.9649357,-0.9649357,-0.9649357,-0.9649357,-0.9649357,-0.9649357,-0.9649357,-0.9649357,-0.9649357,-0.9649357,-0.9649357,-0.9649357,-0.9649357,-0.9649357,-0.9649357,-0.9649357,-0.9649357,-0.9649357,-0.9649357,-0.9649357,-0.9649357,-0.9649357,-0.9649357,-0.9649357,-0.9649357,-0.9649357,-0.9649357,-0.9649357,-0.9649357,-0.9649357,-0.9649357,-0.9649357,-0.9649357,-0.9649357,-0.9649357,-0.9649357,-0.9649357,-0.9649357,-0.9649357,-0.9649357,-0.9649357,-0.9649357,-0.9649357,-0.9649357,-0.9649357,0
0,-0.9649357,-0.9649357,-0.9649357,-0.9649357,-0.9649357,-0.9649357,-0.9649357,-0.9649357,-0.9649357,-0.9649357,-0.9649357,-0.9649357,-0.9649357,-0.9649357,-0.9649357,-0.9649357,-0.9649357,-0.9649357,-0.9649357,-0.9649357,-0.9649357,-0.9649357,-0.9649357,-0.9649357,-0.9649357,-0.9649357,-0.9649357,-0.9649357,-0.9649357,-0.9649357,-0.9649357,-0.9649357,-0.9649357,-0.9649357,-0.9649357,-0.9649357,-0.9649357,-0.9649357,-0.9649357,-0.9649357,-0.9649357,-0.9649357,-0.9649357,-0.9649357,-0.9649357,-0.9649357,-0.9649357,-0.9649357,-0.9649357,-0.9649357,-0.9649357,-0.9649357,-0.9649357,-0.9649357,-0.9649357,-0.9649357,-0.9649357,-0.9649357,-0.9649357,-0.9649357,-0.9649357,-0.9649357,-0.9649357,-0.9649357,-0.9649357,-0.9649357,-0.9649357,-0.9649357,-0.9649357,-0.9649357,-0.9649357,-0.9649357,-0.9649357,-0.9649357,-0.9649357,-0.9649357,-0.9649357,-0.9649357,-0.9649357,-0.9649357,-0.9649357,-0.9649357,-0.9649357,-0.9649357,-0.9649357,-0.9649357,-0.9649357,-0.9649357,-0.9649357,-0.9649357,-0.9649357,-0.9649357,-0.9649357,-0.9649357,0,0,0,0,0,0,0,0,0,0,0,0,0,0,0,0,0,0,0,0,0,0,0,0,0,0,0,0,-1.0755537,-1.0755537,-1.0755537,-1.0755537,-1.0755537,-1.0755537,-1.0755537,-1.0755537,-1.0755537,-1.0755537,-1.0755537,-1.0755537,-1.0755537,-1.0755537,-1.0755537,-1.0755537,-1.0755537,-1.0755537,-1.0755537,-1.0755537,-1.0755537,-1.0755537,-1.0755537,-1.0755537,-1.0755537,-1.0755537,-1.0755537,-1.0755537,-1.0755537,-1.0755537,-1.0755537,-1.0755537,-1.0755537,-1.0755537,-1.0755537,-1.0755537,-1.0755537,-1.0755537,-1.0755537,-1.0755537,-1.0755537,-1.0755537,-1.0755537,-1.0755537,-1.0755537,-1.0755537,-1.0755537,-1.0755537,-1.0755537,-1.0755537,-1.0755537,-1.0755537,-1.0755537,-1.0755537,-1.0755537,-1.0755537,-1.0755537,-1.0755537,-1.0755537,-1.0755537,-1.0755537,-1.0755537,-1.0755537,-1.0755537,-1.0755537,-1.0755537,-1.0755537,-1.0755537,-1.0755537,-1.0755537,-1.0755537,-1.0755537,-1.0755537,-1.0755537,0
0,-1.0755537,-1.0755537,-1.0755537,-1.0755537,-1.0755537,-1.0755537,-1.0755537,-1.0755537,-1.0755537,-1.0755537,-1.0755537,-1.0755537,-1.0755537,-1.0755537,-1.0755537,-1.0755537,-1.0755537,-1.0755537,-1.0755537,-1.0755537,-1.0755537,-1.0755537,-1.0755537,-1.0755537,-1.0755537,-1.0755537,-1.0755537,-1.0755537,-1.0755537,-1.0755537,-1.0755537,-1.0755537,-1.0755537,-1.0755537,-1.0755537,-1.0755537,-1.0755537,-1.0755537,-1.0755537,-1.0755537,-1.0755537,-1.0755537,-1.0755537,-1.0755537,-1.0755537,-1.0755537,-1.0755537,-1.0755537,-1.0755537,-1.0755537,-1.0755537,-1.0755537,-1.0755537,-1.0755537,-1.0755537,-1.0755537,-1.0755537,-1.0755537,-1.0755537,-1.0755537,-1.0755537,-1.0755537,-1.0755537,-1.0755537,-1.0755537,-1.0755537,-1.0755537,-1.0755537,-1.0755537,-1.0755537,-1.0755537,-1.0755537,-1.0755537,-1.0755537,-1.0755537,-1.0755537,-1.0755537,-1.0755537,-1.0755537,-1.0755537,-1.0755537,-1.0755537,-1.0755537,-1.0755537,-1.0755537,-1.0755537,-1.0755537,-1.0755537,-1.0755537,-1.0755537,-1.0755537,-1.0755537,-1.0755537,-1.0755537,-1.0755537,-1.0755537,-1.0755537,-1.0755537,-1.0755537,-1.0755537,-1.0755537,-1.0755537,-1.0755537,-1.0755537,-1.0755537,-1.0755537,-1.0755537,-1.0755537,-1.0755537,-1.0755537,-1.0755537,-1.0755537,-1.0755537,-1.0755537,-1.0755537,-1.0755537,-1.0755537,-1.0755537,-1.0755537,-1.0755537,-1.0755537,-1.0755537,-1.0755537,-1.0755537,-1.0755537,-1.0755537,-1.0755537,-1.0755537,-1.0755537,-1.0755537,-1.0755537,-1.0755537,-1.0755537,-1.0755537,-1.0755537,-1.0755537,-1.0755537,-1.0755537,-1.0755537,-1.0755537,-1.0755537,-1.0755537,-1.0755537,-1.0755537,-1.0755537,-1.0755537,-1.0755537,-1.0755537,-1.0755537,-1.0755537,-1.0755537,-1.0755537,-1.0755537,-1.0755537,-1.0755537,-1.0755537,-1.0755537,-1.0755537,-1.0755537,-1.0755537,-1.0755537,-1.0755537,-1.0755537,-1.0755537,-1.0755537,-1.0755537,-1.0755537,-1.0755537,-1.0755537,-1.0755537,-1.0755537,-1.0755537,-1.0755537,-1.0755537,-1.0755537,-1.0755537,-1.0755537,-1.0755537,-1.0755537,-1.0755537,-1.0755537,-1.0755537,-1.0755537,-1.0755537,-1.0755537,-1.0755537,-1.0755537,-1.0755537,-1.0755537,-1.0755537,-1.0755537,-1.0755537,-1.0755537,-1.0755537,-1.0755537,-1.0755537,0
0,-1.0755537,-1.0755537,-1.0755537,-1.0755537,-1.0755537,-1.0755537,-1.0755537,-1.0755537,-1.0755537,-1.0755537,-1.0755537,-1.0755537,-1.0755537,-1.0755537,-1.0755537,-1.0755537,-1.0755537,-1.0755537,-1.0755537,-1.0755537,-1.0755537,-1.0755537,-1.0755537,-1.0755537,-1.0755537,-1.0755537,-1.0755537,-1.0755537,-1.0755537,-1.0755537,-1.0755537,-1.0755537,-1.0755537,-1.0755537,-1.0755537,-1.0755537,-1.0755537,-1.0755537,-1.0755537,-1.0755537,-1.0755537,-1.0755537,-1.0755537,-1.0755537,-1.0755537,-1.0755537,-1.0755537,-1.0755537,-1.0755537,-1.0755537,-1.0755537,-1.0755537,-1.0755537,-1.0755537,-1.0755537,-1.0755537,-1.0755537,-1.0755537,-1.0755537,-1.0755537,-1.0755537,-1.0755537,-1.0755537,-1.0755537,-1.0755537,-1.0755537,-1.0755537,-1.0755537,-1.0755537,-1.0755537,-1.0755537,-1.0755537,-1.0755537,-1.0755537,-1.0755537,-1.0755537,-1.0755537,-1.0755537,-1.0755537,-1.0755537,-1.0755537,-1.0755537,-1.0755537,-1.0755537,-1.0755537,-1.0755537,-1.0755537,-1.0755537,-1.0755537,-1.0755537,-1.0755537,-1.0755537,-1.0755537,-1.0755537,-1.0755537,-1.0755537,-1.0755537,-1.0755537,-1.0755537,-1.0755537,-1.0755537,-1.0755537,-1.0755537,-1.0755537,-1.0755537,-1.0755537,-1.0755537,-1.0755537,-1.0755537,-1.0755537,-1.0755537,-1.0755537,-1.0755537,-1.0755537,-1.0755537,-1.0755537,-1.0755537,-1.0755537,-1.0755537,-1.0755537,-1.0755537,-1.0755537,-1.0755537,-1.0755537,-1.0755537,-1.0755537,-1.0755537,-1.0755537,-1.0755537,-1.0755537,-1.0755537,-1.0755537,-1.0755537,-1.0755537,-1.0755537,-1.0755537,-1.0755537,-1.0755537,-1.0755537,-1.0755537,-1.0755537,-1.0755537,-1.0755537,-1.0755537,-1.0755537,-1.0755537,-1.0755537,-1.0755537,-1.0755537,-1.0755537,-1.0755537,-1.0755537,-1.0755537,-1.0755537,-1.0755537,-1.0755537,-1.0755537,-1.0755537,-1.0755537,-1.0755537,-1.0755537,-1.0755537,-1.0755537,-1.0755537,-1.0755537,-1.0755537,-1.0755537,-1.0755537,-1.0755537,-1.0755537,-1.0755537,-1.0755537,-1.0755537,-1.0755537,-1.0755537,-1.0755537,-1.0755537,-1.0755537,-1.0755537,-1.0755537,-1.0755537,-1.0755537,-1.0755537,-1.0755537,-1.0755537,-1.0755537,-1.0755537,-1.0755537,-1.0755537,-1.0755537,-1.0755537,-1.0755537,-1.0755537,-1.0755537,-1.0755537,-1.0755537,0
0,-1.0755537,-1.0755537,-1.0755537,-1.0755537,-1.0755537,-1.0755537,-1.0755537,-1.0755537,-1.0755537,-1.0755537,-1.0755537,-1.0755537,-1.0755537,-1.0755537,-1.0755537,-1.0755537,-1.0755537,-1.0755537,-1.0755537,-1.0755537,-1.0755537,-1.0755537,-1.0755537,-1.0755537,-1.0755537,-1.0755537,-1.0755537,-1.0755537,-1.0755537,-1.0755537,-1.0755537,-1.0755537,-1.0755537,-1.0755537,-1.0755537,-1.0755537,-1.0755537,-1.0755537,-1.0755537,-1.0755537,-1.0755537,-1.0755537,-1.0755537,-1.0755537,-1.0755537,-1.0755537,-1.0755537,-1.0755537,-1.0755537,-1.0755537,-1.0755537,-1.0755537,-1.0755537,-1.0755537,-1.0755537,-1.0755537,-1.0755537,-1.0755537,-1.0755537,-1.0755537,-1.0755537,-1.0755537,-1.0755537,-1.0755537,-1.0755537,-1.0755537,-1.0755537,-1.0755537,-1.0755537,-1.0755537,-1.0755537,-1.0755537,-1.0755537,-1.0755537,-1.0755537,-1.0755537,-1.0755537,-1.0755537,-1.0755537,-1.0755537,-1.0755537,-1.0755537,-1.0755537,-1.0755537,-1.0755537,-1.0755537,-1.0755537,-1.0755537,-1.0755537,-1.0755537,-1.0755537,-1.0755537,-1.0755537,-1.0755537,-1.0755537,-1.0755537,-1.0755537,-1.0755537,-1.0755537,-1.0755537,-1.0755537,-1.0755537,-1.0755537,-1.0755537,-1.0755537,-1.0755537,-1.0755537,-1.0755537,-1.0755537,-1.0755537,-1.0755537,-1.0755537,-1.0755537,-1.0755537,-1.0755537,-1.0755537,-1.0755537,-1.0755537,-1.0755537,-1.0755537,-1.0755537,-1.0755537,-1.0755537,-1.0755537,-1.0755537,-1.0755537,-1.0755537,-1.0755537,-1.0755537,-1.0755537,-1.0755537,-1.0755537,-1.0755537,-1.0755537,-1.0755537,-1.0755537,-1.0755537,-1.0755537,-1.0755537,-1.0755537,-1.0755537,-1.0755537,-1.0755537,-1.0755537,-1.0755537,-1.0755537,-1.0755537,-1.0755537,-1.0755537,-1.0755537,-1.0755537,-1.0755537,-1.0755537,-1.0755537,-1.0755537,-1.0755537,-1.0755537,-1.0755537,-1.0755537,-1.0755537,-1.0755537,-1.0755537,-1.0755537,-1.0755537,-1.0755537,-1.0755537,-1.0755537,-1.0755537,-1.0755537,-1.0755537,-1.0755537,-1.0755537,-1.0755537,-1.0755537,-1.0755537,-1.0755537,-1.0755537,-1.0755537,-1.0755537,-1.0755537,-1.0755537,-1.0755537,-1.0755537,-1.0755537,-1.0755537,-1.0755537,-1.0755537,-1.0755537,-1.0755537,-1.0755537,-1.0755537,-1.0755537,-1.0755537,-1.0755537,-1.0755537,-1.0755537,0
0,-1.0755537,-1.0755537,-1.0755537,-1.0755537,-1.0755537,-1.0755537,-1.0755537,-1.0755537,-1.0755537,-1.0755537,-1.0755537,-1.0755537,-1.0755537,-1.0755537,-1.0755537,-1.0755537,-1.0755537,-1.0755537,-1.0755537,-1.0755537,-1.0755537,-1.0755537,-1.0755537,-1.0755537,-1.0755537,-1.0755537,-1.0755537,-1.0755537,-1.0755537,-1.0755537,-1.0755537,-1.0755537,-1.0755537,-1.0755537,-1.0755537,-1.0755537,0,0,0,0,0,0,0,0,0,0,0,0,0,0,0,0,0,0,0,0,0,0,0,0,0,0,0,0,0,0,0,0,0,0,0,0,0,0,0,0,0,0,0,0,0,0,0,0,0,0,0,0,0,0,0,0,0,0,0,0,0,0,0,0,0,0,0,0,0,0,0,0,0,0,0,0,0,0,0,0,0,0,0,0,0,0,0,0,0,0,0,0,0,0,0,0,0,0,0,0,0,0,0,0,0,0,0,0,0,0,0,0,0,0,0,0,0,0,0,0,0,0,0,0,0,0,0,0,0,0,0,0,0,0,0,0,0,0,0,0,0,0,0,0,0,0,0,0,0,0,0,0,0,0,0,0,0,0,0,0,0
0,0,0,0,0,0,0,0,0,0,0,0,0,0,0,0,0,0,0,0,0,0,0,0,0,0,0,0,0,0,0,0,0,0,0,0,0,0,0,0,0,0,0,0,0,0,0,0,0,0,0,0,0,0,0,0,0,0,0,0,0,0,0,0,0,0,0,0,0,0,0,0,0,0,0,0,0,0,0,0,0,0,0,0,0,0,0,0,0,0,0,0,0,0,0,0,0,0,0,0,0,0,0,0,0,0,0,0,0,0,0,0,0,0,0,0,0,0,0,0,0,0,0,0,0,0,0,0,0,0,0,0,0,0,0,0,0,0,0,0,0,0,0,0,0,0,0,0,0,0,0,0,0,0,0,0,0,0,0,0,0,0,0,0,0,0,0,0,0,0,0,0,0,0,0,0,0,0,0,0,0,0,0,0,0,0,0,0,0,0,0,0,0,0,0,0,0,0
0,0,0,0,0,0,0,0,0,0,0,0,0,0,0,0,0,0,0,0,0,0,0,0,0,0,0,0,0,0,0,0,0,0,0,0,0,0,0,0,0,0,0,0,0,0,0,0,0,0,0,0,0,0,0,0,0,0,0,0,0,0,0,0,0,0,0,0,0,0,0,0,0,0,0,0,0,0,0,0,0,0,0,0,0,0,0,0,0,0,0,0,0,0,0,0,0,0,0,0,0,0,0,0,0,0,0,0,0,0,0,0,0,0,0,0,0,0,0,0,0,0,0,0,0,0,0,0,0,0,0,0,0,0,0,0,0,0,0,0,0,0,0,0,0,0,0,0,0,0,0,0,0,0,0,0,0,0,0,0,0,0,0,0,0,0,0,0,0,0,0,0,0,0,0,0,0,0,0,0,0,0,0,0,0,0,0,0,0,0,0,0,0,0,0,0,0,0
0,0,0,0,0,0,0,0,0,0,0,0,0,0,0,0,0,0,0,0,0,0,0,0,0,0,0,0,0,0,0,0,0,0,0,0,0,0,0,0,0,0,0,0,0,0,0,0,0,0,0,0,0,0,0,0,0,0,0,0,0,0,0,0,0,0,0,0,0,0,0,0,0,0,0,0,0,0,0,0,0,0,0,0,0,0,0,0,0,0,0,0,0,0,0,0,0,0,0,0,0,0,0,0,0,0,0,0,0,0,0,0,0,0,0,0,0,0,0,0,0,0,0,0,0,0,0,0,0,0,0,0,0,0,0,0,0,0,0,0,0,0,0,0,0,0,0,0,0,0,0,0,0,0,0,0,0,0,0,0,0,0,0,0,0,0,0,0,0,0,0,0,0,0,0,0,0,0,0,0,0,0,0,0,0,0,0,0,0,0,0,0,0,0,0,0,0,0
0,0,0,0,0,0,0,0,0,0,0,0,0,0,0,0,0,0,0,0,0,0,0,0,0,0,0,0,0,0,0,0,0,0,0,0,0,0,0,0,0,0,0,0,0,0,0,0,0,0,0,0,0,0,0,0,0,0,0,0,0,0,0,0,0,0,0,0,0,0,0,0,0,0,0,0,0,0,0,0,0,0,0,0,0,0,0,0,0,0,0,0,0,0,0,0,0,0,0,0,0,0,0,0,0,0,0,0,0,0,0,0,0,0,0,0,0,0,0,0,0,0,0,0,0,0,0,0,0,0,0,0,0,0,0,0,0,0,0,0,0,0,0,0,0,0,0,0,0,0,0,0,0,0,0,0,0,0,0,0,0,0,0,0,0,0,0,0,0,0,0,0,0,0,0,0,0,0,0,0,0,0,0,0,0,0,0,0,0,0,0,0,0,0,0,0,0,0
0,0,0,0,0,0,0,0,0,0,0,0,0,0,0,0,0,0,0,0,0,0,0,0,0,0,0,0,0,0,0,0,0,0,0,0,0,0,0,0,0,0,0,0,0,0,0,0,0,0,0,0,0,0,0,0,0,0,0,0,0,0,0,0,0,0,0,0,0,0,0,0,0,0,0,0,0,0,0,0,0,0,0,0,0,0,0,0,0,0,0,0,0,0,0,0,0,0,0,0,0,0,0,0,0,0,0,0,0,0,0,0,0,0,0,0,0,0,0,0,0,0,0,0,0,0,0,0,0,0,0,0,0,0,0,0,0,0,0,0,0,0,0,0,0,0,0,0,0,0,0,0,0,0,0,0,0,0,0,0,0,0,0,0,0,0,0,0,0,0,0,0,0,0,0,0,0,0,0,0,0,0,0,0,0,0,0,0,0,0,0,0,0,0,0,0,0,0
0,0,0,0,0,0,0,0,0,0,0,0,0,0,0,0,0,0,0,0,0,0,0,0,0,0,0,0,0,0,0,0,0,0,0,0,0,0,0,0,0,0,0,0,0,0,0,0,0,0,0,0,0,0,0,0,0,0,0,0,0,0,0,0,0,0,0,0,0,0,0,0,0,0,0,0,0,0,0,0,0,0,0,0,0,0,0,0,0,0,0,0,0,0,0,0,0,0,0,0,0,0,0,0,0,0,0,0,0,0,0,0,0,0,0,0,0,0,0,0,0,0,0,0,0,0,0,0,0,0,0,0,0,0,0,0,0,0,0,0,0,0,0,0,0,0,0,0,0,0,0,0,0,0,0,0,0,0,0,0,0,0,0,0,0,0,0,0,0,0,0,0,0,0,0,0,0,0,0,0,0,0,0,0,0,0,0,0,0,0,0,0,0,0,0,0,0,0
0,0,0,0,0,0,0,0,0,0,0,0,0,0,0,0,0,0,0,0,0,0,0,0,0,0,0,0,0,0,0,0,0,0,0,0,0,0,0,0,0,0,0,0,0,0,0,0,0,0,0,0,0,0,0,0,0,0,0,0,0,0,0,0,0,0,0,0,0,0,0,0,0,0,0,0,0,0,0,0,0,0,0,0,0,0,0,0,0,0,0,0,0,0,0,0,0,0,0,0,0,0,0,0,0,0,0,0,0,0,0,0,0,0,0,0,0,0,0,0,0,0,0,0,0,0,0,0,0,0,0,0,0,0,0,0,0,0,0,0,0,0,0,0,0,0,0,0,0,0,0,0,0,0,0,0,0,0,0,0,0,0,0,0,0,0,0,0,0,0,0,0,0,0,0,0,0,0,0,0,0,0,0,0,0,0,0,0,0,0,0,0,0,0,0,0,0,0
0,0,0,0,0,0,0,0,0,0,0,0,0,0,0,0,0,0,0,0,0,0,0,0,0,0,0,0,0,0,0,0,0,0,0,0,0,0,0,0,0,0,0,0,0,0,0,0,0,0,0,0,0,0,0,0,0,0,0,0,0,0,0,0,0,0,0,0,0,0,0,0,0,0,0,0,0,0,0,0,0,0,0,0,0,0,0,0,0,0,0,0,0,0,0,0,0,0,0,0,0,0,0,0,0,0,0,0,0,0,0,0,0,0,0,0,0,0,0,0,0,0,0,0,0,0,0,0,0,0,0,0,0,0,0,0,0,0,0,0,0,0,0,0,0,0,0,0,0,0,0,0,0,0,0,0,0,0,0,0,0,0,0,0,0,0,0,0,0,0,0,0,0,0,0,0,0,0,0,0,0,0,0,0,0,0,0,0,0,0,0,0,0,0,0,0,0,0
0,0,0,0,0,0,0,0,0,0,0,0,0,0,0,0,0,0,0,0,0,0,0,0,0,0,0,0,0,0,0,0,0,0,0,0,0,0,0,0,0,0,0,0,0,0,0,0,0,0,0,0,0,0,0,0,0,0,0,0,0,0,0,0,0,0,0,0,0,0,0,0,0,0,0,0,0,0,0,0,0,0,0,0,0,0,0,0,0,0,0,0,0,0,0,0,0,0,0,0,0,0,0,0,0,0,0,0,0,0,0,0,0,0,0,0,0,0,0,0,0,0,0,0,0,0,0,0,0,0,0,0,0,0,0,0,0,0,0,0,0,0,0,0,0,0,0,0,0,0,0,0,0,0,0,0,0,0,0,0,0,0,0,0,0,0,0,0,0,0,0,0,0,0,0,0,0,0,0,0,0,0,0,0,0,0,0,0,0,0,0,0,0,0,0,0,0,0
0,0,0,0,0,0,0,0,0,0,0,0,0,0,0,0,0,0,0,0,0,0,0,0,0,0,0,0,0,0,0,0,0,0,0,0,0,0,0,0,0,0,0,0,0,0,0,0,0,0,0,0,0,0,0,0,0,0,0,0,0,0,0,0,0,0,0,0,0,0,0,0,0,0,0,0,0,0,0,0,0,0,0,0,0,0,0,0,0,0,0,0,0,0,0,0,0,0,0,0,0,0,0,0,0,0,0,0,0,0,0,0,0,0,0,0,0,0,0,0,0,0,0,0,0,0,0,0,0,0,0,0,0,0,0,0,0,0,0,0,0,0,0,0,0,0,0,0,0,0,0,0,0,0,0,0,0,0,0,0,0,0,0,0,0,0,0,0,0,0,0,0,0,0,0,0,0,0,0,0,0,0,0,0,0,0,0,0,0,0,0,0,0,0,0,0,0,0
0,0,0,0,0,0,0,0,0,0,0,0,0,0,0,0,0,0,0,0,0,0,0,0,0,0,0,0,0,0,0,0,0,0,0,0,0,0,0,0,0,0,0,0,0,0,0,0,0,0,0,0,0,0,0,0,0,0,0,0,0,0,0,0,0,0,0,0,0,0,0,0,0,0,0,0,0,0,0,0,0,0,0,0,0,0,0,0,0,0,0,0,0,0,0,0,0,0,0,0,0,0,0,0,0,0,0,0,0,0,0,0,0,0,0,0,0,0,0,0,0,0,0,0,0,0,0,0,0,0,0,0,0,0,0,0,0,0,0,0,0,0,0,0,0,0,0,0,0,0,0,0,0,0,0,0,0,0,0,0,0,0,0,0,0,0,0,0,0,0,0,0,0,0,0,0,0,0,0,0,0,0,0,0,0,0,0,0,0,0,0,0,0,0,0,0,0,0
0,0,0,0,0,0,0,0,0,0,0,0,0,0,0,0,0,0,0,0,0,0,0,0,0,0,0,0,0,0,0,0,0,0,0,0,0,0,0,0,0,0,0,0,0,0,0,0,0,0,0,0,0,0,0,0,0,0,0,0,0,0,0,0,0,0,0,0,0,0,0,0,0,0,0,0,0,0,0,0,0,0,0,0,0,0,0,0,0,0,0,0,0,0,0,0,0,0,0,0,0,0,0,0,0,0,0,0,0,0,0,0,0,0,0,0,0,0,0,0,0,0,0,0,0,0,0,0,0,0,0,0,0,0,0,0,0,0,0,0,0,0,0,0,0,0,0,0,0,0,0,0,0,0,0,0,0,0,0,0,0,0,0,0,0,0,0,0,0,0,0,0,0,0,0,0,0,0,0,0,0,0,0,0,0,0,0,0,0,0,0,0,0,0,0,0,0,0
0,0,0,0,0,0,0,0,0,0,0,0,0,0,0,0,0,0,0,0,0,0,0,0,0,0,0,0,0,0,0,0,0,0,0,0,0,0,0,0,0,0,0,0,0,0,0,0,0,0,0,0,0,0,0,0,0,0,0,0,0,0,0,0,0,0,0,0,0,0,0,0,0,0,0,0,0,0,0,0,0,0,0,0,0,0,0,0,0,0,0,0,0,0,0,0,0,0,0,0,0,0,0,0,0,0,0,0,0,0,0,0,0,0,0,0,0,0,0,0,0,0,0,0,0,0,0,0,0,0,0,0,0,0,0,0,0,0,0,0,0,0,0,0,0,0,0,0,0,0,0,0,0,0,0,0,0,0,0,0,0,0,0,0,0,0,0,0,0,0,0,0,0,0,0,0,0,0,0,0,0,0,0,0,0,0,0,0,0,0,0,0,0,0,0,0,0,0
0,0,0,0,0,0,0,0,0,0,0,0,0,0,0,0,0,0,0,0,0,0,0,0,0,0,0,0,0,0,0,0,0,0,0,0,0,0,0,0,0,0,0,0,0,0,0,0,0,0,0,0,0,0,0,0,0,0,0,0,0,0,0,0,0,0,0,0,0,0,0,0,0,0,0,0,0,0,0,0,0,0,0,0,0,0,0,0,0,0,0,0,0,0,0,0,0,0,0,0,0,0,0,0,0,0,0,0,0,0,0,0,0,0,0,0,0,0,0,0,0,0,0,0,0,0,0,0,0,0,0,0,0,0,0,0,0,0,0,0,0,0,0,0,0,0,0,0,0,0,0,0,0,0,0,0,0,0,0,0,0,0,0,0,0,0,0,0,0,0,0,0,0,0,0,0,0,0,0,0,0,0,0,0,0,0,0,0,0,0,0,0,0,0,0,0,0,0
0,0,0,0,0,0,0,0,0,0,0,0,0,0,0,0,0,0,0,0,0,0,0,0,0,0,0,0,0,0,0,0,0,0,0,0,0,0,0,0,0,0,0,0,0,0,0,0,0,0,0,0,0,0,0,0,0,0,0,0,0,0,0,0,0,0,0,0,0,0,0,0,0,0,0,0,0,0,0,0,0,0,0,0,0,0,0,0,0,0,0,0,0,0,0,0,0,0,0,0,0,0,0,0,0,0,0,0,0,0,0,0,0,0,0,0,0,0,0,0,0,0,0,0,0,0,0,0,0,0,0,0,0,0,0,0,0,0,0,0,0,0,0,0,0,0,0,0,0,0,0,0,0,0,0,0,0,0,0,0,0,0,0,0,0,0,0,0,0,0,0,0,0,0,0,0,0,0,0,0,0,0,0,0,0,0,0,0,0,0,0,0,0,0,0,0,0,0
0,0,0,0,0,0,0,0,0,0,0,0,0,0,0,0,0,0,0,0,0,0,0,0,0,0,0,0,0,0,0,0,0,0,0,0,0,0,0,0,0,0,0,0,0,0,0,0,0,0,0,0,0,0,0,0,0,0,0,0,0,0,0,0,0,0,0,0,0,0,0,0,0,0,0,0,0,0,0,0,0,0,0,0,0,0,0,0,0,0,0,0,0,0,0,0,0,0,0,0,0,0,0,0,0,0,0,0,0,0,0,0,0,0,0,0,0,0,0,0,0,0,0,0,0,0,0,0,0,0,0,0,0,0,0,0,0,0,0,0,0,0,0,0,0,0,0,0,0,0,0,0,0,0,0,0,0,0,0,0,0,0,0,0,0,0,0,0,0,0,0,0,0,0,0,0,0,0,0,0,0,0,0,0,0,0,0,0,0,0,0,0,0,0,0,0,0,0
0,0,0,0,0,0,0,0,0,0,0,0,0,0,0,0,0,0,0,0,0,0,0,0,0,0,0,0,0,0,0,0,0,0,0,0,0,0,0,0,0,0,0,0,0,0,0,0,0,0,0,0,0,0,0,0,0,0,0,0,0,0,0,0,0,0,0,0,0,0,0,0,0,0,0,0,0,0,0,0,0,0,0,0,0,0,0,0,0,0,0,0,0,0,0,0,0,0,0,0,0,0,0,0,0,0,0,0,0,0,0,0,0,0,0,0,0,0,0,0,0,0,0,0,0,0,0,0,0,0,0,0,0,0,0,0,0,0,0,0,0,0,0,0,0,0,0,0,0,0,0,0,0,0,0,0,0,0,0,0,0,0,0,0,0,0,0,0,0,0,0,0,0,0,0,0,0,0,0,0,0,0,0,0,0,0,0,0,0,0,0,0,0,0,0,0,0,0
0,0,0,0,0,0,0,0,0,0,0,0,0,0,0,0,0,0,0,0,0,0,0,0,0,0,0,0,0,0,0,0,0,0,0,0,0,0,0,0,0,0,0,0,0,0,0,0,0,0,0,0,0,0,0,0,0,0,0,0,0,0,0,0,0,0,0,0,0,0,0,0,0,0,0,0,0,0,0,0,0,0,0,0,0,0,0,0,0,0,0,0,0,0,0,0,0,0,0,0,0,0,0,0,0,0,0,0,0,0,0,0,0,0,0,0,0,0,0,0,0,0,0,0,0,0,0,0,0,0,0,0,0,0,0,0,0,0,0,0,0,0,0,0,0,0,0,0,0,0,0,0,0,0,0,0,0,0,0,0,0,0,0,0,0,0,0,0,0,0,0,0,0,0,0,0,0,0,0,0,0,0,0,0,0,0,0,0,0,0,0,0,0,0,0,0,0,0
0,0,0,0,0,0,0,0,0,0,0,0,0,0,0,0,0,0,0,0,0,0,0,0,0,0,0,0,0,0,0,0,0,0,0,0,0,0,0,0,0,0,0,0,0,0,0,0,0,0,0,0,0,0,0,0,0,0,0,0,0,0,0,0,0,0,0,0,0,0,0,0,0,0,0,0,0,0,0,0,0,0,0,0,0,0,0,0,0,0,0,0,0,0,0,0,0,0,0,0,0,0,0,0,0,0,0,0,0,0,0,0,0,0,0,0,0,0,0,0,0,0,0,0,0,0,0,0,0,0,0,0,0,0,0,0,0,0,0,0,0,0,0,0,0,0,0,0,0,0,0,0,0,0,0,0,0,0,0,0,0,0,0,0,0,0,0,0,0,0,0,0,0,0,0,0,0,0,0,0,0,0,0,0,0,0,0,0,0,0,0,0,0,0,0,0,0,0
0,0,0,0,0,0,0,0,0,0,0,0,0,0,0,0,0,0,0,0,0,0,0,0,0,0,0,0,0,0,0,0,0,0,0,0,0,0,0,0,0,0,0,0,0,0,0,0,0,0,0,0,0,0,0,0,0,0,0,0,0,0,0,0,0,0,0,0,0,0,0,0,0,0,0,0,0,0,0,0,0,0,0,0,0,0,0,0,0,0,0,0,0,0,0,0,0,0,0,0,0,0,0,0,0,0,0,0,0,0,0,0,0,0,0,0,0,0,0,0,0,0,0,0,0,0,0,0,0,0,0,0,0,0,0,0,0,0,0,0,0,0,0,0,0,0,0,0,0,0,0,0,0,0,0,0,0,0,0,0,0,0,0,0,0,0,0,0,0,0,0,0,0,0,0,0,0,0,0,0,0,0,0,0,0,0,0,0,0,0,0,0,0,0,0,0,0,0
0,0,0,0,0,0,0,0,0,0,0,0,0,0,0,0,0,0,0,0,0,0,0,0,0,0,0,0,0,0,0,0,0,0,0,0,0,0,0,0,0,0,0,0,0,0,0,0,0,0,0,0,0,0,0,0,0,0,0,0,0,0,0,0,0,0,0,0,0,0,0,0,0,0,0,0,0,0,0,0,0,0,0,0,0,0,0,0,0,0,0,0,0,0,0,0,0,0,0,0,0,0,0,0,0,0,0,0,0,0,0,0,0,0,0,0,0,0,0,0,0,0,0,0,0,0,0,0,0,0,0,0,0,0,0,0,0,0,0,0,0,0,0,0,0,0,0,0,0,0,0,0,0,0,0,0,0,0,0,0,0,0,0,0,0,0,0,0,0,0,0,0,0,0,0,0,0,0,0,0,0,0,0,0,0,0,0,0,0,0,0,0,0,0,0,0,0,0
0,0,0,0,0,0,0,0,0,0,0,0,0,0,0,0,0,0,0,0,0,0,0,0,0,0,0,0,0,0,0,0,0,0,0,0,0,0,0,0,0,0,0,0,0,0,0,0,0,0,0,0,0,0,0,0,0,0,0,0,0,0,0,0,0,0,0,0,0,0,0,0,0,0,0,0,0,0,0,0,0,0,0,0,0,0,0,0,0,0,0,0,0,0,0,0,0,0,0,0,0,0,0,0,0,0,0,0,0,0,0,0,0,0,0,0,0,0,0,0,0,0,0,0,0,0,0,0,0,0,0,0,0,0,0,0,0,0,0,0,0,0,0,0,0,0,0,0,0,0,0,0,0,0,0,0,0,0,0,0,0,0,0,0,0,0,0,0,0,0,0,0,0,0,0,0,0,0,0,0,0,0,0,0,0,0,0,0,0,0,0,0,0,0,0,0,0,0
0,0,0,0,0,0,0,0,0,0,0,0,0,0,0,0,0,0,0,0,0,0,0,0,0,0,0,0,0,0,0,0,0,0,0,0,0,0,0,0,0,0,0,0,0,0,0,0,0,0,0,0,0,0,0,0,0,0,0,0,0,0,0,0,0,0,0,0,0,0,0,0,0,0,0,0,0,0,0,0,0,0,0,0,0,0,0,0,0,0,0,0,0,0,0,0,0,0,0,0,0,0,0,0,0,0,0,0,0,0,0,0,0,0,0,0,0,0,0,0,0,0,0,0,0,0,0,0,0,0,0,0,0,0,0,0,0,0,0,0,0,0,0,0,0,0,0,0,0,0,0,0,0,0,0,0,0,0,0,0,0,0,0,0,0,0,0,0,0,0,0,0,0,0,0,0,0,0,0,0,0,0,0,0,0,0,0,0,0,0,0,0,0,0,0,0,0,0
0,0,0,0,0,0,0,0,0,0,0,0,0,0,0,0,0,0,0,0,0,0,0,0,0,0,0,0,0,0,0,0,0,0,0,0,0,0,0,0,0,0,0,0,0,0,0,0,0,0,0,0,0,0,0,0,0,0,0,0,0,0,0,0,0,0,0,0,0,0,0,0,0,0,0,0,0,0,0,0,0,0,0,0,0,0,0,0,0,0,0,0,0,0,0,0,0,0,0.3661306,0.3661306,0.3661306,0.3661306,0.3661306,0.3661306,0.3661306,0.3661306,0.3661306,0.3661306,0.3661306,0.3661306,0.3661306,0.3661306,0.3661306,0.3661306,0.3661306,0.3661306,0.3661306,0.3661306,0.3661306,0.3661306,0.3661306,0.3661306,0.3661306,0.3661306,0.3661306,0.3661306,0.3661306,0.3661306,0.3661306,0.3661306,0.3661306,0.3661306,0.3661306,0.3661306,0.3661306,0.3661306,0.3661306,0.3661306,0.3661306,0.3661306,0.3661306,0.3661306,0.3661306,0.3661306,0.3661306,0.3661306,0.3661306,0.3661306,0.3661306,0.3661306,0.3661306,0.3661306,0.3661306,0.3661306,0.3661306,0.3661306,0.3661306,0.3661306,0.3661306,0.3661306,0.3661306,0.3661306,0.3661306,0.3661306,0.3661306,0.3661306,0.3661306,0.3661306,0.3661306,0.3661306,0.3661306,0.3661306,0.3661306,0.3661306,0.3661306,0.3661306,0.3661306,0.3661306,0.3661306,0.3661306,0.3661306,0.3661306,0.3661306,0.3661306,0.3661306,0.3661306,0.3661306,0.3661306,0.3661306,0.3661306,0.3661306,0.3661306,0.3661306,0.3661306,0.3661306,0.3661306,0.3661306,0
0,0.3661306,0.3661306,0.3661306,0.3661306,0.3661306,0.3661306,0.3661306,0.3661306,0.3661306,0.3661306,0.3661306,0.3661306,0.3661306,0.3661306,0.3661306,0.3661306,0.3661306,0.3661306,0.3661306,0.3661306,0.3661306,0.3661306,0.3661306,0.3661306,0.3661306,0.3661306,0.3661306,0.3661306,0.3661306,0.3661306,0.3661306,0.3661306,0.3661306,0.3661306,0.3661306,0.3661306,0.3661306,0.3661306,0.3661306,0.3661306,0.3661306,0.3661306,0.3661306,0.3661306,0.3661306,0.3661306,0.3661306,0.3661306,0.3661306,0.3661306,0.3661306,0.3661306,0.3661306,0.3661306,0.3661306,0.3661306,0.3661306,0.3661306,0.3661306,0.3661306,0.3661306,0.3661306,0.3661306,0.3661306,0.3661306,0.3661306,0.3661306,0.3661306,0.3661306,0.3661306,0.3661306,0.3661306,0.3661306,0.3661306,0.3661306,0.3661306,0.3661306,0.3661306,0.3661306,0.3661306,0.3661306,0.3661306,0.3661306,0.3661306,0.3661306,0.3661306,0.3661306,0.3661306,0.3661306,0.3661306,0.3661306,0.3661306,0.3661306,0.3661306,0.3661306,0.3661306,0.3661306,0.3661306,0.3661306,0.3661306,0.3661306,0.3661306,0.3661306,0.3661306,0.3661306,0.3661306,0.3661306,0.3661306,0.3661306,0.3661306,0.3661306,0.3661306,0.3661306,0.3661306,0.3661306,0.3661306,0.3661306,0.3661306,0.3661306,0.3661306,0.3661306,0.3661306,0.3661306,0.3661306,0.3661306,0.3661306,0.3661306,0.3661306,0.3661306,0.3661306,0.3661306,0.3661306,0.3661306,0.3661306,0.3661306,0.3661306,0.3661306,0.3661306,0.3661306,0.3661306,0.3661306,0.3661306,0.3661306,0.3661306,0.3661306,0.3661306,0.3661306,0.3661306,0.3661306,0.3661306,0.3661306,0.3661306,0.3661306,0.3661306,0.3661306,0.3661306,0.3661306,0.3661306,0.3661306,0.3661306,0.3661306,0.3661306,0.3661306,0.3661306,0.3661306,0.3661306,0.3661306,0.3661306,0.3661306,0.3661306,0.3661306,0.3661306,0.3661306,0.3661306,0.3661306,0.3661306,0.3661306,0.3661306,0.3661306,0.3661306,0.3661306,0.3661306,0.3661306,0.3661306,0.3661306,0.3661306,0.3661306,0.3661306,0.3661306,0.3661306,0.3661306,0.3661306,0.3661306,0.3661306,0.3661306,0.3661306,0
0,0.3661306,0.3661306,0.3661306,0.3661306,0.3661306,0.3661306,0.3661306,0.3661306,0.3661306,0.3661306,0.3661306,0.3661306,0.3661306,0.3661306,0.3661306,0.3661306,0.3661306,0.3661306,0.3661306,0.3661306,0.3661306,0.3661306,0.3661306,0.3661306,0.3661306,0.3661306,0.3661306,0.3661306,0.3661306,0.3661306,0.3661306,0.3661306,0.3661306,0.3661306,0.3661306,0.3661306,0.3661306,0.3661306,0.3661306,0.3661306,0.3661306,0.3661306,0.3661306,0.3661306,0.3661306,0.3661306,0.3661306,0.3661306,0.3661306,0.3661306,0.3661306,0.3661306,0.3661306,0.3661306,0.3661306,0.3661306,0.3661306,0.3661306,0.3661306,0.3661306,0.3661306,0.3661306,0.3661306,0.3661306,0.3661306,0.3661306,0.3661306,0.3661306,0.3661306,0.3661306,0.3661306,0.3661306,0.3661306,0.3661306,0.3661306,0.3661306,0.3661306,0.3661306,0.3661306,0.3661306,0.3661306,0.3661306,0.3661306,0.3661306,0.3661306,0.3661306,0.3661306,0.3661306,0.3661306,0.3661306,0.3661306,0.3661306,0.3661306,0.3661306,0.3661306,0.3661306,0.3661306,0.3661306,0.3661306,0.3661306,0.3661306,0.3661306,0.3661306,0.3661306,0.3661306,0.3661306,0.3661306,0.3661306,0.3661306,0.3661306,0.3661306,0.3661306,0.3661306,0.3661306,0.3661306,0.3661306,0.3661306,0.3661306,0.3661306,0.3661306,0.3661306,0.3661306,0.3661306,0.3661306,0.3661306,0.3661306,0.3661306,0.3661306,0.3661306,0.3661306,0.3661306,0.3661306,0.3661306,0.3661306,0.3661306,0.3661306,0.3661306,0.3661306,0.3661306,0.3661306,0.3661306,0.3661306,0.3661306,0.3661306,0.3661306,0.3661306,0.3661306,0.3661306,0.3661306,0.3661306,0.3661306,0.3661306,0.3661306,0.3661306,0.3661306,0.3661306,0.3661306,0.3661306,0.3661306,0.3661306,0.3661306,0.3661306,0.3661306,0.3661306,0.3661306,0.3661306,0.3661306,0.3661306,0.3661306,0.3661306,0.3661306,0.3661306,0.3661306,0.3661306,0.3661306,0.3661306,0.3661306,0.3661306,0.3661306,0.3661306,0.3661306,0.3661306,0.3661306,0.3661306,0.3661306,0.3661306,0.3661306,0.3661306,0.3661306,0.3661306,0.3661306,0.3661306,0.3661306,0.3661306,0.3661306,0.3661306,0
0,0.3661306,0.3661306,0.3661306,0.3661306,0.3661306,0.3661306,0.3661306,0.3661306,0.3661306,0.3661306,0.3661306,0.3661306,0.3661306,0.3661306,0.3661306,0.3661306,0.3661306,0.3661306,0.3661306,0.3661306,0.3661306,0.3661306,0.3661306,0.3661306,0.3661306,0.3661306,0.3661306,0.3661306,0.3661306,0.3661306,0.3661306,0.3661306,0.3661306,0.3661306,0.3661306,0.3661306,0.3661306,0.3661306,0.3661306,0.3661306,0.3661306,0.3661306,0.3661306,0.3661306,0.3661306,0.3661306,0.3661306,0.3661306,0.3661306,0.3661306,0.3661306,0.3661306,0.3661306,0.3661306,0.3661306,0.3661306,0.3661306,0.3661306,0.3661306,0.3661306,0.3661306,0.3661306,0.3661306,0.3661306,0.3661306,0.3661306,0.3661306,0.3661306,0.3661306,0.3661306,0.3661306,0.3661306,0.3661306,0.3661306,0.3661306,0.3661306,0.3661306,0.3661306,0.3661306,0.3661306,0.3661306,0.3661306,0.3661306,0.3661306,0.3661306,0.3661306,0.3661306,0.3661306,0.3661306,0.3661306,0.3661306,0.3661306,0.3661306,0.3661306,0.3661306,0.3661306,0.3661306,0.3661306,0.3661306,0.3661306,0.3661306,0.3661306,0.3661306,0.3661306,0.3661306,0.3661306,0.3661306,0.3661306,0.3661306,0.3661306,0.3661306,0.3661306,0.3661306,0.3661306,0.3661306,0.3661306,0.3661306,0.3661306,0.3661306,0.3661306,0.3661306,0.3661306,0.3661306,0.3661306,0.3661306,0.3661306,0.3661306,0.3661306,0.3661306,0.3661306,0.3661306,0.3661306,0.3661306,0.3661306,0.3661306,0.3661306,0.3661306,0.3661306,0.3661306,0.3661306,0.3661306,0.3661306,0.3661306,0.3661306,0.3661306,0.3661306,0.3661306,0.3661306,0.3661306,0.3661306,0.3661306,0.3661306,0.3661306,0.3661306,0.3661306,0.3661306,0.3661306,0.3661306,0.3661306,0.3661306,0.3661306,0.3661306,0.3661306,0.3661306,0.3661306,0.3661306,0.3661306,0.3661306,0.3661306,0.3661306,0.3661306,0.3661306,0.3661306,0.3661306,0.3661306,0.3661306,0.3661306,0.3661306,0.3661306,0.3661306,0.3661306,0.3661306,0.3661306,0.3661306,0.3661306,0.3661306,0.3661306,0.3661306,0.3661306,0.3661306,0.3661306,0.3661306,0.3661306,0.3661306,0.3661306,0.3661306,0
0,0.3661306,0.3661306,0.3661306,0.3661306,0.3661306,0.3661306,0.3661306,0.3661306,0.3661306,0.3661306,0.3661306,0.3661306,0.3661306,0.3661306,0.3661306,0.3661306,0.3661306,0.3661306,0.3661306,0.3661306,0.3661306,0.3661306,0.3661306,0.3661306,0.3661306,0.3661306,0.3661306,0.3661306,0.3661306,0.3661306,0.3661306,0.3661306,0.3661306,0.3661306,0.3661306,0.3661306,0.3661306,0.3661306,0.3661306,0.3661306,0.3661306,0.3661306,0.3661306,0.3661306,0.3661306,0.3661306,0.3661306,0.3661306,0.3661306,0.3661306,0.3661306,0.3661306,0.3661306,0.3661306,0.3661306,0.3661306,0.3661306,0.3661306,0.3661306,0.3661306,0.3661306,0.3661306,0.3661306,0.3661306,0.3661306,0.3661306,0.3661306,0.3661306,0.3661306,0.3661306,0.3661306,0.3661306,0.3661306,0.3661306,0.3661306,0.3661306,0.3661306,0.3661306,0.3661306,0.3661306,0.3661306,0.3661306,0.3661306,0.3661306,0.3661306,0.3661306,0.3661306,0.3661306,0.3661306,0.3661306,0.3661306,0.3661306,0.3661306,0.3661306,0.3661306,0.3661306,0.3661306,0.3661306,0.3661306,0.3661306,0.3661306,0.3661306,0.3661306,0.3661306,0.3661306,0.3661306,0.3661306,0.3661306,0.3661306,0.3661306,0.3661306,0.3661306,0.3661306,0.3661306,0.3661306,0.3661306,0.3661306,0.3661306,0.3661306,0.3661306,0.3661306,0.3661306,0.3661306,0.3661306,0.3661306,0.3661306,0.3661306,0.3661306,0.3661306,0.3661306,0.3661306,0.3661306,0.3661306,0.3661306,0.3661306,0.3661306,0.3661306,0.3661306,0.3661306,0.3661306,0.3661306,0.3661306,0.3661306,0.3661306,0.3661306,0.3661306,0.3661306,0.3661306,0.3661306,0.3661306,0.3661306,0.3661306,0.3661306,0.3661306,0.3661306,0.3661306,0.3661306,0.3661306,0.3661306,0.3661306,0.3661306,0.3661306,0.3661306,0.3661306,0.3661306,0.3661306,0.3661306,0.3661306,0.3661306,0.3661306,0.3661306,0.3661306,0.3661306,0.3661306,0.3661306,0.3661306,0.3661306,0.3661306,0.3661306,0.3661306,0.3661306,0.3661306,0.3661306,0.3661306,0.3661306,0.3661306,0.3661306,0.3661306,0.3661306,0.3661306,0.3661306,0.3661306,0.3661306,0.3661306,0.3661306,0.3661306,0
0,0.3661306,0.3661306,0.3661306,0.3661306,0.3661306,0.3661306,0.3661306,0.3661306,0.3661306,0.3661306,0.3661306,0.3661306,0.3661306,0.3661306,0.3661306,0.3661306,0.3661306,0.3661306,0.3661306,0.3661306,0.3661306,0.3661306,0.3661306,0.3661306,0.3661306,0.3661306,0.3661306,0.3661306,0.3661306,0.3661306,0.3661306,0.3661306,0.3661306,0.3661306,0.3661306,0.3661306,0.3661306,0.3661306,0.3661306,0.3661306,0.3661306,0.3661306,0.3661306,0.3661306,0.3661306,0.3661306,0.3661306,0.3661306,0.3661306,0.3661306,0.3661306,0.3661306,0.3661306,0.3661306,0.3661306,0.3661306,0.3661306,0.3661306,0.3661306,0.3661306,0.3661306,0.3661306,0.3661306,0.3661306,0.3661306,0.3661306,0.3661306,0.3661306,0.3661306,0.3661306,0.3661306,0.3661306,0.3661306,0.3661306,0.3661306,0.3661306,0.3661306,0.3661306,0.3661306,0.3661306,0.3661306,0.3661306,0.3661306,0.3661306,0.3661306,0.3661306,0.3661306,0.3661306,0.3661306,0.3661306,0.3661306,0.3661306,0.3661306,0.3661306,0.3661306,0.3661306,0.3661306,0.3661306,0.3661306,0.3661306,0.3661306,0.3661306,0.3661306,0.3661306,0.3661306,0.3661306,0.3661306,0.3661306,0.3661306,0.3661306,0.3661306,0.3661306,0.3661306,0.3661306,0.3661306,0.3661306,0.3661306,0.3661306,0.3661306,0.3661306,0.3661306,0.3661306,0.3661306,0.3661306,0.3661306,0.3661306,0.3661306,0.3661306,0.3661306,0.3661306,0.3661306,0.3661306,0.3661306,0.3661306,0.3661306,0.3661306,0.3661306,0.3661306,0.3661306,0.3661306,0.3661306,0.3661306,0.3661306,0.3661306,0.3661306,0.3661306,0.3661306,0.3661306,0.3661306,0.3661306,0.3661306,0.3661306,0.3661306,0.3661306,0.3661306,0.3661306,0,0,0,0,0,0,0,0,0,0,0,0,0,0,0,0,0,0,0,0,0,0,0,0,0,0,0,0,0,0,0,0,0,0,0,0,0,0,0,0,0
0,0,0,0,0,0,0,0,0,0,0,0,0,0,0,0,0,0,0,0,0,0,0,0,0,0,0,0,0,0,0,0,0,0,0,0,0,0,0,0,0,0,0,0,0,0,0,0,0,0,0,0,0,0,0,0,0,0,0,0,0,0,0,0,0,0,0,0,0,0,0,0,0,0,0,0,0,0,0,0,0,0,0,0,0,0,0,0,0,0,0,0,0,0,0,0,0,0,0,0,0,0,0,0,0,0,0,0,0,0,0,0,0,0,0,0,0,0,0,0,0,0,0,0,0,0,0,0,0,0,0,0,0,0,0,0,0,0,0,0,0,0,0,0,0,0,0,0,0,0,0,0,0,0,0,0,0,0,0,0,0,0,0,0,0,0,0,0,0,0,0,0,0,0,0,0,0,0,0,0,0,0,0,0,0,0,0,0,0,0,0,0,0,0,0,0,0,0
0,0,0,0,0,0,0,0,0,0,0,0,0,0,0,0,0,0,0,0,0,0,0,0,0,0,0,0,0,0,0,0,0,0,0,0,0,0,0,0,0,0,0,0,0,0,0,0,0,0,0,0,0,0,0,0,0,0,0,0,0,0,0,0,0,0,0,0,0,0,0,0,0,0,0,0,0,0,0,0,0,0,0,0,0,0,0,0,0,0,0,0,0,0,0,0,0,0,0,0,0,0,0,0,0,0,0,0,0,0,0,0,0,0,0,0,0,0,0,0,0,0,0,0,0,0,0,0,0,0,0,0,0,0,0,0,0,0,0,0,0,0,0,0,0,0,0,0,0,0,0,0,0,0,0,0,0,0,0,0,0,0,0,0,0,0,0,0,0,0,0,0,0,0,0,0,0,0,0,0,0,0,0,0,0,0,0,0,0,0,0,0,0,0,0,0,0,0
0,0,0,0,0,0,0,0,0,0,0,0,0,0,0,0,0,0,0,0,0,0,0,0,0,0,0,0,0,0,0,0,0,0,0,0,0,0,0,0,0,0,0,0,0,0,0,0,0,0,0,0,0,0,0,0,0,0,0,0,0,0,0,0,0,0,0,0,0,0,0,0,0,0,0,0,0,0,0,0,0,0,0,0,0,0,0,0,0,0,0,0,0,0,0,0,0,0,0,0,0,0,0,0,0,0,0,0,0,0,0,0,0,0,0,0,0,0,0,0,0,0,0,0,0,0,0,0,0,0,0,0,0,0,0,0,0,0,0,0,0,0,0,0,0,0,0,0,0,0,0,0,0,0,0,0,0,0,0,0,0,0,0,0,0,0,0,0,0,0,0,0,0,0,0,0,0,0,0,0,0,0,0,0,0,0,0,0,0,0,0,0,0,0,0,0,0,0
0,0,0,0,0,0,0,0,0,0,0,0,0,0,0,0,0,0,0,0,0,0,0,0,0,0,0,0,0,0,0,0,0,0,0,0,0,0,0,0,0,0,0,0,0,0,0,0,0,0,0,0,0,0,0,0,0,0,0,0,0,0,0,0,0,0,0,0,0,0,0,0,0,0,0,0,0,0,0,0,0,0,0,0,0,0,0,0,0,0,0,0,0,0,0,0,0,0,0,0,0,0,0,0,0,0,0,0,0,0,0,0,0,0,0,0,0,0,0,0,0,0,0,0,0,0,0,0,0,0,0,0,0,0,0,0,0,0,0,0,0,0,0,0,0,0,0,0,0,0,0,0,0,0,0,0,0,0,0,0,0,0,0,0,0,0,0,0,0,0,0,0,0,0,0,0,0,0,0,0,0,0,0,0,0,0,0,0,0,0,0,0,0,0,0,0,0,0
0,0,0,0,0,0,0,0,0,0,0,0,0,0,0,0,0,0,0,0,0,0,0,0,0,0,0,0,0,0,0,0,0,0,0,0,0,0,0,0,0,0,0,0,0,0,0,0,0,0,0,0,0,0,0,0,0,0,0,0,0,0,0,0,0,0,0,0,0,0,0,0,0,0,0,0,0,0,0,0,0,0,0,0,0,0,0,0,0,0,0,0,0,0,0,0,0,0,0,0,0,0,0,0,0,0,0,0,0,0,0,0,0,0,0,0,0,0,0,0,0,0,0,0,0,0,0,0,0,0,0,0,0,0,0,0,0,0,0,0,0,0,0,0,0,0,0,0,0,0,0,0,0,0,0,0,0,0,0,0,0,0,0,0,0,0,0,0,0,0,0,0,0,0,0,0,0,0,0,0,0,0,0,0,0,0,0,0,0,0,0,0,0,0,0,0,0,0
0,0,0,0,0,0,0,0,0,0,0,0,0,0,0,0,0,0,0,0,0,0,0,0,0,0,0,0,0,0,0,0,0,0,0,0,0,0,0,0,0,0,0,0,0,0,0,0,0,0,0,0,0,0,0,0,0,0,0,0,0,0,0,0,0,0,0,0,0,0,0,0,0,0,0,0,0,0,0,0,0,0,0,0,0,0,0,0,0,0,0,0,0,0,0,0,0,0,0,0,0,0,0,0,0,0,0,0,0,0,0,0,0,0,0,0,0,0,0,0,0,0,0,0,0,0,0,0,0,0,0,0,0,0,0,0,0,0,0,0,0,0,0,0,0,0,0,0,0,0,0,0,0,0,0,0,0,0,0,0,0,0,0,0,0,0,0,0,0,0,0,0,0,0,0,0,0,0,0,0,0,0,0,0,0,0,0,0,0,0,0,0,0,0,0,0,0,0
0,0,0,0,0,0,0,0,0,0,0,0,0,0,0,0,0,0,0,0,0,0,0,0,0,0,0,0,0,0,0,0,0,0,0,0,0,0,0,0,0,0,0,0,0,0,0,0,0,0,0,0,0,0,0,0,0,0,0,0,0,0,0,0,0,0,0,0,0,0,0,0,0,0,0,0,0,0,0,0,0,0,0,0,0,0,0,0,0,0,0,0,0,0,0,0,0,0,0,0,0,0,0,0,0,0,0,0,0,0,0,0,0,0,0,0,0,0,0,0,0,0,0,0,0,0,0,0,0,0,0,0,0,0,0,0,0,0,0,0,0,0,0,0,0,0,0,0,0,0,0,0,0,0,0,0,0,0,0,0,0,0,0,0,0,0,0,0,0,0,0,0,0,0,0,0,0,0,0,0,0,0,0,0,0,0,0,0,0,0,0,0,0,0,0,0,0,0
0,0,0,0,0,0,0,0,0,0,0,0,0,0,0,0,0,0,0,0,0,0,0,0,0,0,0,0,0,0,0,0,0,0,0,0,0,0,0,0,0,0,0,0,0,0,0,0,0,0,0,0,0,0,0,0,0,0,0,0,0,0,0,0,0,0,0,0,0,0,0,0,0,0,0,0,0,0,0,0,0,0,0,0,0,0,0,0,0,0,0,0,0,0,0,0,0,0,0,0,0,0,0,0,0,0,0,0,0,0,0,0,0,0,0,0,0,0,0,0,0,0,0,0,0,0,0,0,0,0,0,0,0,0,0,0,0,0,0,0,0,0,0,0,0,0,0,0,0,0,0,0,0,0,0,0,0,0,0,0,0,0,0,0,0,0,0,0,0,0,0,0,0,0,0,0,0,0,0,0,0,0,0,0,0,0,0,0,0,0,0,0,0,0,0,0,0,0
0,0,0,0,0,0,0,0,0,0,0,0,0,0,0,0,0,0,0,0,0,0,0,0,0,0,0,0,0,0,0,0,0,0,0,0,0,0,0,0,0,0,0,0,0,0,0,0,0,0,0,0,0,0,0,0,0,0,0,0,0,0,0,0,0,0,0,0,0,0,0,0,0,0,0,0,0,0,0,0,0,0,0,0,0,0,0,0,0,0,0,0,0,0,0,0,0,0,0,0,0,0,0,0,0,0,0,0,0,0,0,0,0,0,0,0,0,0,0,0,0,0,0,0,0,0,0,0,0,0,0,0,0,0,0,0,0,0,0,0,0,0,0,0,0,0,0,0,0,0,0,0,0,0,0,0,0,0,0,0,0,0,0,0,0,0,0,0,0,0,0,0,0,0,0,0,0,0,0,0,0,0,0,0,0,0,0,0,0,0,0,0,0,0,0,0,0,0
0,0,0,0,0,0,0,0,0,0,0,0,0,0,0,0,0,0,0,0,0,0,0,0,0,0,0,0,0,0,0,0,0,0,0,0,0,0,0,0,0,0,0,0,0,0,0,0,0,0,0,0,0,0,0,0,0,0,0,0,0,0,0,0,0,0,0,0,0,0,0,0,0,0,0,0,0,0,0,0,0,0,0,0,0,0,0,0,0,0,0,0,0,0,0,0,0,0,0,0,0,0,0,0,0,0,0,0,0,0,0,0,0,0,0,0,0,0,0,0,0,0,0,0,0,0,0,0,0,0,0,0,0,0,0,0,0,0,0,0,0,0,0,0,0,0,0,0,0,0,0,0,0,0,0,0,0,0,0,0,0,0,0,0,0,0,0,0,0,0,0,0,0,0,0,0,0,0,0,0,0,0,0,0,0,0,0,0,0,0,0,0,0,0,0,0,0,0
0,0,0,0,0,0,0,0,0,0,0,0,0,0,0,0,0,0,0,0,0,0,0,0,0,0,0,0,0,0,0,0,0,0,0,0,0,0,0,0,0,0,0,0,0,0,0,0,0,0,0,0,0,0,0,0,0,0,0,0,0,0,0,0,0,0,0,0,0,0,0,0,0,0,0,0,0,0,0,0,0,0,0,0,0,0,0,0,0,0,0,0,0,0,0,0,0,0,0,0,0,0,0,0,0,0,0,0,0,0,0,0,0,0,0,0,0,0,0,0,0,0,0,0,0,0,0,0,0,0,0,0,0,0,0,0,0,0,0,0,0,0,0,0,0,0,0,0,0,0,0,0,0,0,0,0,0,0,0,0,0,0,0,0,0,0,0,0,0,0,0,0,0,0,0,0,0,0,0,0,0,0,0,0,0,0,0,0,0,0,0,0,0,0,0,0,0,0
0,0,0,0,0,0,0,0,0,0,0,0,0,0,0,0,0,0,0,0,0,0,0,0,0,0,0,0,0,0,0,0,0,0,0,0,0,0,0,0,0,0,0,0,0,0,0,0,0,0,0,0,0,0,0,0,0,0,0,0,0,0,0,0,0,0,0,0,0,0,0,0,0,0,0,0,0,0,0,0,0,0,0,0,0,0,0,0,0,0,0,0,0,0,0,0,0,0,0,0,0,0,0,0,0,0,0,0,0,0,0,0,0,0,0,0,0,0,0,0,0,0,0,0,0,0,0,0,0,0,0,0,0,0,0,0,0,0,0,0,0,0,0,0,0,0,0,0,0,0,0,0,0,0,0,0,0,0,0,0,0,0,0,0,0,0,0,0,0,0,0,0,0,0,0,0,0,0,0,0,0,0,0,0,0,0,0,0,0,0,0,0,0,0,0,0,0,0
0,0,0,0,0,0,0,0,0,0,0,0,0,0,0,0,0,0,0,0,0,0,0,0,0,0,0,0,0,0,0,0,0,0,0,0,0,0,0,0,0,0,0,0,0,0,0,0,0,0,0,0,0,0,0,0,0,0,0,0,0,0,0,0,0,0,0,0,0,0,0,0,0,0,0,0,0,0,0,0,0,0,0,0,0,0,0,0,0,0,0,0,0,0,0,0,0,0,0,0,0,0,0,0,0,0,0,0,0,0,0,0,0,0,0,0,0,0,0,0,0,0,0,0,0,0,0,0,0,0,0,0,0,0,0,0,0,0,0,0,0,0,0,0,0,0,0,0,0,0,0,0,0,0,0,0,0,0,0,0,0,0,0,0,0,0,0,0,0,0,0,0,0,0,0,0,0,0,0,0,0,0,0,0,0,0,0,0,0,0,0,0,0,0,0,0,0,0
0,0,0,0,0,0,0,0,0,0,0,0,0,0,0,0,0,0,0,0,0,0,0,0,0,0,0,0,0,0,0,0,0,0,0,0,0,0,0,0,0,0,0,0,0,0,0,0,0,0,0,0,0,0,0,0,0,0,0,0,0,0,0,0,0,0,0,0,0,0,0,0,0,0,0,0,0,0,0,0,0,0,0,0,0,0,0,0,0,0,0,0,0,0,0,0,0,0,0,0,0,0,0,0,0,0,0,0,0,0,0,0,0,0,0,0,0,0,0,0,0,0,0,0,0,0,0,0,0,0,0,0,0,0,0,0,0,0,0,0,0,0,0,0,0,0,0,0,0,0,0,0,0,0,0,0,0,0,0,0,0,0,0,0,0,0,0,0,0,0,0,0,0,0,0,0,0,0,0,0,0,0,0,0,0,0,0,0,0,0,0,0,0,0,0,0,0,0
0,0,0,0,0,0,0,0,0,0,0,0,0,0,0,0,0,0,0,0,0,0,0,0,0,0,0,0,0,0,0,0,0,0,0,0,0,0,0,0,0,0,0,0,0,0,0,0,0,0,0,0,0,0,0,0,0,0,0,0,0,0,0,0,0,0,0,0,0,0,0,0,0,0,0,0,0,0,0,0,0,0,0,0,0,0,0,0,0,0,0,0,0,0,0,0,0,0,0,0,0,0,0,0,0,0,0,0,0,0,0,0,0,0,0,0,0,0,0,0,0,0,0,0,0,0,0,0,0,0,0,0,0,0,0,0,0,0,0,0,0,0,0,0,0,0,0,0,0,0,0,0,0,0,0,0,0,0,0,0,0,0,0,0,0,0,0,0,0,0,0,0,0,0,0,0,0,0,0,0,0,0,0,0,0,0,0,0,0,0,0,0,0,0,0,0,0,0
0,0,0,0,0,0,0,0,0,0,0,0,0,0,0,0,0,0,0,0,0,0,0,0,0,0,0,0,0,0,0,0,0,0,0,0,0,0,0,0,0,0,0,0,0,0,0,0,0,0,0,0,0,0,0,0,0,0,0,0,0,0,0,0,0,0,0,0,0,0,0,0,0,0,0,0,0,0,0,0,0,0,0,0,0,0,0,0,0,0,0,0,0,0,0,0,0,0,0,0,0,0,0,0,0,0,0,0,0,0,0,0,0,0,0,0,0,0,0,0,0,0,0,0,0,0,0,0,0,0,0,0,0,0,0,0,0,0,0,0,0,0,0,0,0,0,0,0,0,0,0,0,0,0,0,0,0,0,0,0,0,0,0,0,0,0,0,0,0,0,0,0,0,0,0,0,0,0,0,0,0,0,0,0,0,0,0,0,0,0,0,0,0,0,0,0,0,0
0,0,0,0,0,0,0,0,0,0,0,0,0,0,0,0,0,0,0,0,0,0,0,0,0,0,0,0,0,0,0,0,0,0,0,0,0,0,0,0,0,0,0,0,0,0,0,0,0,0,0,0,0,0,0,0,0,0,0,0,0,0,0,0,0,0,0,0,0,0,0,0,0,0,0,0,0,0,0,0,0,0,0,0,0,0,0,0,0,0,0,0,0,0,0,0,0,0,0,0,0,0,0,0,0,0,0,0,0,0,0,0,0,0,0,0,0,0,0,0,0,0,0,0,0,0,0,0,0,0,0,0,0,0,0,0,0,0,0,0,0,0,0,0,0,0,0,0,0,0,0,0,0,0,0,0,0,0,0,0,0,0,0,0,0,0,0,0,0,0,0,0,0,0,0,0,0,0,0,0,0,0,0,0,0,0,0,0,0,0,0,0,0,0,0,0,0,0
0,0,0,0,0,0,0,0,0,0,0,0,0,0,0,0,0,0,0,0,0,0,0,0,0,0,0,0,0,0,0,0,0,0,0,0,0,0,0,0,0,0,0,0,0,0,0,0,0,0,0,0,0,0,0,0,0,0,0,0,0,0,0,0,0,0,0,0,0,0,0,0,0,0,0,0,0,0,0,0,0,0,0,0,0,0,0,0,0,0,0,0,0,0,0,0,0,0,0,0,0,0,0,0,0,0,0,0,0,0,0,0,0,0,0,0,0,0,0,0,0,0,0,0,0,0,0,0,0,0,0,0,0,0,0,0,0,0,0,0,0,0,0,0,0,0,0,0,0,0,0,0,0,0,0,0,0,0,0,0,0,0,0,0,0,0,0,0,0,0,0,0,0,0,0,0,0,0,0,0,0,0,0,0,0,0,0,0,0,0,0,0,0,0,0,0,0,0
0,0,0,0,0,0,0,0,0,0,0,0,0,0,0,0,0,0,0,0,0,0,0,0,0,0,0,0,0,0,0,0,0,0,0,0,0,0,0,0,0,0,0,0,0,0,0,0,0,0,0,0,0,0,0,0,0,0,0,0,0,0,0,0,0,0,0,0,0,0,0,0,0,0,0,0,0,0,0,0,0,0,0,0,0,0,0,0,0,0,0,0,0,0,0,0,0,0,0,0,0,0,0,0,0,0,0,0,0,0,0,0,0,0,0,0,0,0,0,0,0,0,0,0,0,0,0,0,0,0,0,0,0,0,0,0,0,0,0,0,0,0,0,0,0,0,0,0,0,0,0,0,0,0,0,0,0,0,0,0,0,0,0,0,0,0,0,0,0,0,0,0,0,0,0,0,0,0,0,0,0,0,0,0,0,0,0,0,0,0,0,0,0,0,0,0,0,0
0,0,0,0,0,0,0,0,0,0,0,0,0,0,0,0,0,0,0,0,0,0,0,0,0,0,0,0,0,0,0,0,0,0,0,0,0,0,0,0,0,0,0,0,0,0,0,0,0,0,0,0,0,0,0,0,0,0,0,0,0,0,0,0,0,0,0,0,0,0,0,0,0,0,0,0,0,0,0,0,0,0,0,0,0,0,0,0,0,0,0,0,0,0,0,0,0,0,0,0,0,0,0,0,0,0,0,0,0,0,0,0,0,0,0,0,0,0,0,0,0,0,0,0,0,0,0,0,0,0,0,0,0,0,0,0,0,0,0,0,0,0,0,0,0,0,0,0,0,0,0,0,0,0,0,0,0,0,0,0,0,0,0,0,0,0,0,0,0,0,0,0,0,0,0,0,0,0,0,0,0,0,0,0,0,0,0,0,0,0,0,0,0,0,0,0,0,0
0,0,0,0,0,0,0,0,0,0,0,0,0,0,0,0,0,0,0,0,0,0,0,0,0,0,0,0,0,0,0,0,0,0,0,0,0,0,0,0,0,0,0,0,0,0,0,0,0,0,0,0,0,0,0,0,0,0,0,0,0,0,0,0,0,0,0,0,0,0,0,0,0,0,0,0,0,0,0,0,0,0,0,0,0,0,0,0,0,0,0,0,0,0,0,0,0,0,0,0,0,0,0,0,0,0,0,0,0,0,0,0,0,0,0,0,0,0,0,0,0,0,0,0,0,0,0,0,0,0,0,0,0,0,0,0,0,0,0,0,0,0,0,0,0,0,0,0,0,0,0,0,0,0,0,0,0,0,0,0,0,0,0,0,0,0,0,0,0,0,0,0,0,0,0,0,0,0,0,0,0,0,0,0,0,0,0,0,0,0,0,0,0,0,0,0,0,0
0,0,0,0,0,0,0,0,0,0,0,0,0,0,0,0,0,0,0,0,0,0,0,0,0,0,0,0,0,0,0,0,0,0,0,0,0,0,0,0,0,0,0,0,0,0,0,0,0,0,0,0,0,0,0,0,0,0,0,0,0,0,0,0,0,0,0,0,0,0,0,0,0,0,0,0,0,0,0,0,0,0,0,0,0,0,0,0,0,0,0,0,0,0,0,0,0,0,0,0,0,0,0,0,0,0,0,0,0,0,0,0,0,0,0,0,0,0,0,0,0,0,0,0,0,0,0,0,0,0,0,0,0,0,0,0,0,0,0,0,0,0,0,0,0,0,0,0,0,0,0,0,0,0,0,0,0,0,0,0,0,0,0,0,0,0,0,0,0,0,0,0,0,0,0,0,0,0,0,0,0,0,0,0,0,0,0,0,0,0,0,0,0,0,0,0,0,0
0,0,0,0,0,0,0,0,0,0,0,0,0,0,0,0,0,0,0,0,0,0,0,0,0,0,0,0,0,0,0,0,0,0,0,0,0,0,0,0,0,0,0,0,0,0,0,0,0,0,0,0,0,0,0,0,0,0,0,0,0,0,0,0,0,0,0,0,0,0,0,0,0,0,0,0,0,0,0,0,0,0,0,0,0,0,0,0,0,0,0,0,0,0,0,0,0,0,0,0,0,0,0,0,0,0,0,0,0,0,0,0,0,0,0,0,0,0,0,0,0,0,0,0,0,0,0,0,0,0,0,0,0,0,0,0,0,0,0,0,0,0,0,0,0,0,0,0,0,0,0,0,0,0,0,0,0,0,0,0,0,0,0,0,0,0,0,0,0,0,0,0,0,0,0,0,0,0,0,0,0,0,0,0,0,0,0,0,0,0,0,0,0,0,0,0,0,0
0,0,0,0,0,0,0,0,0,0,0,0,0,0,0,0,0,0,0,0,0,0,0,0,0,0,0,0,0,0,0,0,0,0,0,0,0,0,0,0,0,0,0,0,0,0,0,0,0,0,0,0,0,0,0,0,0,0,0,0,0,0,0,0,0,0,0,0,0,0,0,0,0,0,0,0,0,0,0,0,0,0,0,0,0,0,0,0,0,0,0,0,0,0,0,0,0,0,0,0,0,0,0,0,0,0,0,0,0,0,0,0,0,0,0,0,0,0,0,0,0,0,0,0,0,0,0,0,0,0,0,0,0,0,0,0,0,0,0,0,0,0,0,0,0,0,0,0,0,0,0,0,0,0,0,0,0,0,0,0,0,0,0,0,0,0,0,0,0,0,0,0,0,0,0,0,0,0,0,0,0,0,0,0,0,0,0,0,0,0,0,0,0,0,0,0,0,0
0,0,0,0,0,0,0,0,0,0,0,0,0,0,0,0,0,0,0,0,0,0,0,0,0,0,0,0,0,0,0,0,0,0,0,0,0,0,0,0,0,0,0,0,0,0,0,0,0,0,0,0,0,0,0,0,0,0,0,0,0,0,0,0,0,0,0,0,0,0,0,0,0,0,0,0,0,0,0,0,0,0,0,0,0,0,0,0,0,0,0,0,0,0,0,0,0,0,0,0,0,0,0,0,0,0,0,0,0,0,0,0,0,0,0,0,0,0,0,0,0,0,0,0,0,0,0,0,0,0,0,0,0,0,0,0,0,0,0,0,0,0,0,0,0,0,0,0,0,0,0,0,0,0,0,0,0,0,0,0,0,0,0,0,0,0,0,0,0,0,0,0,0,0,0,0,0,0,0,0,0,0,0,0,0,0,0,0,0,0,0,0,0,0,0,0,0,0
0,0,0,0,0,0,0,0,0,0,0,0,0,0,0,0,0,0,0,0,0,0,0,0,0,0,0,0,0,0,0,0,0,0,0,0,0,0,0,0,0,0,0,0,0,0,0,0,0,0,0,0,0,0,0,0,0,0,0,0,0,0,0,0,0,0,0,0,0,0,0,0,0,0,0,0,0,0,0,0,0,0,0,0,0,0,0,0,0,0,0,0,0,0,0,0,0,0,0,0,0,0,0,0,0,0,0,0,0,0,0,0,0,0,0,0,0,0,0,0,0,0,0,0,0,0,0,0,0,0,0,0,0,0,0,0,0,0,0,0,0,0,0,0,0,0,0,0,0,0,0,0,0,0,0,0,0,0,0,0,0,0,0,0,0,0,0,0,0,0,0,0,0,0,0,0,0,0,0,0,0,0,0,0,0,0,0,0,0,0,0,0,0,0,0,0,0,0
0,0,0,0,0,0,0,0,0,0,0,0,0,0,0,0,0,0,0,0,0,0,0,0,0,0,0,0,0,0,0,0,0,0,0,0,0,0,0,0,0,0,0,0,0,0,0,0,0,0,0,0,0,0,0,0,0,0,0,0,0,0,0,0,0,0,0,0,0,0,0,0,0,0,0,0,0,0,0,0,0,0,0,0,0,0,0,0,0,0,0,0,0,0,0,0,0,0,0,0,0,0,0,0,0,0,0,0,0,0,0,0,0,0,0,0,0,0,0,0,0,0,0,0,0,0,0,0,0,0,0,0,0,0,0,0,0,0,0,0,0,0,0,0,0,0,0,0,0,0,0,0,0,0,0,0,0,0,0,0,0,0,0,0,0,0,0,0,0,0,0,0,0,0,0,0,0,0,0,0,0,0,0,0,0,0,0,0,0,0,0,0,0,0,0,0,0,0
0,0,0,0,0,0,0,0,0,0,0,0,0,0,0,0,0,0,0,0,0,0,0,0,0,0,0,0,0,0,0,0,0,0,0,0,0,0,0,0,0,0,0,0,0,0,0,0,0,0,0,0,0,0,0,0,0,0,0,0,0,0,0,0,0,0,0,0,0,0,0,0,0,0,0,0,0,0,0,0,0,0,0,0,0,0,0,0,0,0,0,0,0,0,0,0,0,0,0,0,0,0,0,0,0,0,0,0,0,0,0,0,0,0,0,0,0,0,0,0,0,0,0,0,0,0,0,0,0,0,0,0,0,0,0,0,0,0,0,0,0,0,0,0,0,0,0,0,0,0,0,0,0,0,0,0,0,0,0,0,0,0,0,0,0,0,0,0,0,0,0,0,0,0,0,0,0,0,0,0,0,0,0,0,0,0,0,0,0,0,0,0,0,0,0,0,0,0
0,0,0,0,0,0,0,0,0,0,0,0,0,0,0,0,0,0,0,0,0,0,0,0,0,0,0,0,0,0,0,0,0,0,0,0,0,0,0,0,0,0,0,0,0,0,0,0,0,0,0,0,0,0,0,0,0,0,0,0,0,0,0,0,0,0,0,0,0,0,0,0,0,0,0,0,0,0,0,0,0,0,0,0,0,0,0,0,0,0,0,0,0,0,0,0,0,0,0,0,0,0,0,0,0,0,0,0,0,0,0,0,0,0,0,0,0,0,0,0,0,0,0,0,0,0,0,0,0,0,0,0,0,0,0,0,0,0,0,0,0,0,0,0,0,0,0,0,0,0,0,0,0,0,0,0,0,0,0,0,0,0,0,0,0,0,0,0,0,0,0,0,0,0,0,0,0,0,0,0,0,0,0,0,0,0,0,0,0,0,0,0,0,0,0,0,0,0
0,0,0,0,0,0,0,0,0,0,0,0,0,0,0,0,0,0,0,0,0,0,0,0,0,0,0,0,0,0,0,0,0,0,0,0,0,0,0,0,0,0,0,0,0,0,0,0,0,0,0,0,0,0,0,0,0,0,0,0,0,0,0,0,0,0,0,0,0,0,0,0,0,0,0,0,0,0,0,0,0,0,0,0,0,0,0,0,0,0,0,0,0,0,0,0,0,0,0,0,0,0,0,0,0,0,0,0,0,0,0,0,0,0,0,0,0,0,0,0,0,0,0,0,0,0,0,0,0,0,0,0,0,0,0,0,0,0,0,0,0,0,0,0,0,0,0,0,0,0,0,0,0,0,0,0,0,0,0,0,0,0,0,0,0,0,0,0,0,0,0,0,0,0,0,0,0,0,0,0,0,0,0,0,0,0,0,0,0,0,0,0,0,0,0,0,0,0
0,0,0,0,0,0,0,0,0,0,0,0,0,0,0,0,0,0,0,0,0,0,0,0,0,0,0,0,0,0,0,0,0,0,0,0,0,0,0,0,0,0,0,0,0,0,0,0,0,0,0,0,0,0,0,0,0,0,0,0,0,0,0,0,0,0,0,0,0,0,0,0,0,0,0,0,0,0,0,0,0,0,0,0,0,0,0,0,0,0,0,0,0,0,0,0,0,0,0,0,0,0,0,0,0,0,0,0,0,0,0,0,0,0,0,0,0,0,0,0,0,0,0,0,0,0,0,0,0,0,0,0,0,0,0,0,0,0,0,0,0,0,0,0,0,0,0,0,0,0,0,0,0,0,0,0,0,0,0,0,0,0,0,0,0,0,0,0,0,0,0,0,0,0,0,0,0,0,0,0,0,0,0,0,0,0,0,0,0,0,0,0,0,0,0,0,0,0
0,0,0,0,0,0,0,0,0,0,0,0,0,0,0,0,0,0,0,0,0,0,0,0,0,0,0,0,0,0,0,0,0,0,0,0,0,0,0,0,0,0,0,0,0,0,0,0,0,0,0,0,0,0,0,0,0,0,0,0,0,0,0,0,0,0,0,0,0,0,0,0,0,0,0,0,0,0,0,0,0,0,0,0,0,0,0,0,0,0,0,0,0,0,0,0,0,0,0,0,0,0,0,0,0,0,0,0,0,0,0,0,0,0,0,0,0,0,0,0,0,0,0,0,0,0,0,0,0,0,0,0,0,0,0,0,0,0,0,0,0,0,0,0,0,0,0,0,0,0,0,0,0,0,0,0,0,0,0,0,0,0,0,0,0,0,0,0,0,0,0,0,0,0,0,0,0,0,0,0,0,0,0,0,0,0,0,0,0,0,0,0,0,0,0,0,0,0
0,0,0,0,0,0,0,0,0,0,0,0,0,0,0,0,0,0,0,0,0,0,0,0,0,0,0,0,0,0,0,0,0,0,0,0,0,0,0,0,0,0,0,0,0,0,0,0,0,0,0,0,0,0,0,0,0,0,0,0,0,0,0,0,0,0,0,0,0,0,0,0,0,0,0,0,0,0,0,0,0,0,0,0,0,0,0,0,0,0,0,0,0,0,0,0,0,0,0,0,0,0,0,0,0,0,0,0,0,0,0,0,0,0,0,0,0,0,0,0,0,0,0,0,0,0,0,0,0,0,0,0,0,0,0,0,0,0,0,0,0,0,0,0,0,0,0,0,0,0,0,0,0,0,0,0,0,0,0,0,0,0,0,0,0,0,0,0,0,0,0,0,0,0,0,0,0,0,0,0,0,0,0,0,0,0,0,0,0,0,0,0,0,0,0,0,0,0
0,0,0,0,0,0,0,0,0,0,0,0,0,0,0,0,0,0,0,0,0,0,0,0,0,0,0,0,0,0,0,0,0,0,0,0,0,0,0,0,0,0,0,0,0,0,0,0,0,0,0,0,0,0,0,0,0,0,0,0,0,0,0,0,0,0,0,0,0,0,0,0,0,0,0,0,0,0,0,0,0,0,0,0,0,0,0,0,0,0,0,0,0,0,0,0,0,0,0,0,0,0,0,0,0,0,0,0,0,0,0,0,0,0,0,0,0,0,0,0,0,0,0,0,0,0,0,0,0,0,0,0,0,0,0,0,0,0,0,0,0,0,0,0,0,0,0,0,0,0,0,0,0,0,0,0,0,0,0,0,0,0,0,0,0,0,0,0,0,0,0,0,0,0,0,0,0,0,0,0,0,0,0,0,0,0,0,0,0,0,0,0,0,0,0,0,0,0
0,0,0,0,0,0,0,0,0,0,0,0,0,0,0,0,0,0,0,0,0,0,0,0,0,0,0,0,0,0,0,0,0,0,0,0,0,0,0,0,0,0,0,0,0,0,0,0,0,0,0,0,0,0,0,0,0,0,0,0,0,0,0,0,0,0,0,0,0,0,0,0,0,0,0,0,0,0,0,0,0,0,0,0,0,0,0,0,0,0,0,0,0,0,0,0,0,0,0,0,0,0,0,0,0,0,0,0,0,0,0,0,0,0,0,0,0,0,0,0,0,0,0,0,0,0,0,0,0,0,0,0,0,0,0,0,0,0,0,0,0,0,0,0,0,0,0,0,0,0,0,0,0,0,0,0,0,0,0,0,0,0,0,0,0,0,0,0,0,0,0,0,0,0,0,0,0,0,0,0,0,0,0,0,0,0,0,0,0,0,0,0,0,0,0,0,0,0
0,0,0,0,0,0,0,0,0,0,0,0,0,0,0,0,0,0,0,0,0,0,0,0,0,0,0,0,0,0,0,0,0,0,0,0,0,0,0,0,0,0,0,0,0,0,0,0,0,0,0,0,0,0,0,0,0,0,0,0,0,0,0,0,0,0,0,0,0,0,0,0,0,0,0,0,0,0,0,0,0,0,0,0,0,0,0,0,0,0,0,0,0,0,0,0,0,0,0,0,0,0,0,0,0,0,0,0,0,0,0,0,0,0,0,0,0,0,0,0,0,0,0,0,0,0,0,0,0,0,0,0,0,0,0,0,0,0,0,0,0,0,0,0,0,0,0,0,0,0,0,0,0,0,0,0,0,0,0,0,0,0,0,0,0,0,0,0,0,0,0,0,0,0,0,0,0,0,0,0,0,0,0,0,0,0,0,0,0,0,0,0,0,0,0,0,0,0
0,0,0,0,0,0,0,0,0,0,0,0,0,0,0,0,0,0,0,0,0,0,0,0,0,0,0,0,0,0,0,0,0,0,0,0,0,0,0,0,0,0,0,0,0,0,0,0,0,0,0,0,0,0,0,0,0,0,0,0,0,0,0,0,0,0,0,0,0,0,0,0,0,0,0,0,0,0,0,0,0,0,0,0,0,0,0,0,0,0,0,0,0,0,0,0,0,0,0,0,0,0,0,0,0,0,0,0,0,0,0,0,0,0,0,0,0,0,0,0,0,0,0,0,0,0,0,0,0,0,0,0,0,0,0,0,0,0,0,0,0,0,0,0,0,0,0,0,0,0,0,0,0,0,0,0,0,0,0,0,0,0,0,0,0,0,0,0,0,0,0,0,0,0,0,0,0,0,0,0,0,0,0,0,0,0,0,0,0,0,0,0,0,0,0,0,0,0
0,0,0,0,0,0,0,0,0,0,0,0,0,0,0,0,0,0,0,0,0,0,0,0,0,0,0,0,0,0,0,0,0,0,0,0,0,0,0,0,0,0,0,0,0,0,0,0,0,0,0,0,0,0,0,0,0,0,0,0,0,0,0,0,0,0,0,0,0,0,0,0,0,0,0,0,0,0,0,0,0,0,0,0,0,0,0,0,0,0,0,0,0,0,0,0,0,0,0,0,0,0,0,0,0,0,0,0,0,0,0,0,0,0,0,0,0,0,0,0,0,0,0,0,0,0,0,0,0,0,0,0,0,0,0,0,0,0,0,0,0,0,0,0,0,0,0,0,0,0,0,0,0,0,0,0,0,0,0,0,0,0,0,0,0,0,0,0,0,0,0,0,0,0,0,0,0,0,0,0,0,0,0,0,0,0,0,0,0,0,0,0,0,0,0,0,0,0
0,0,0,0,0,0,0,0,0,0,0,0,0,0,0,0,0,0,0,0,0,0,0,0,0,0,0,0,0,0,0,0,0,0,0,0,0,0,0,0,0,0,0,0,0,0,0,0,0,0,0,0,0,0,0,0,0,0,0,0,0,0,0,0,0,0,0,0,0,0,0,0,0,0,0,0,0,0,0,0,0,0,0,0,0,0,0,0,0,0,0,0,0,0,0,0,0,0,0,0,0,0,0,0,0,0,0,0,0,0,0,0,0,0,0,0,0,0,0,0,0,0,0,0,0,0,0,0,0,0,0,0,0,0,0,0,0,0,0,0,0,0,0,0,0,0,0,0,0,0,0,0,0,0,0,0,0,0,0,0,0,0,0,0,0,0,0,0,0,0,0,0,0,0,0,0,0,0,0,0,0,0,0,0,0,0,0,0,0,0,0,0,0,0,0,0,0,0
0,0,0,0,0,0,0,0,0,0,0,0,0,0,0,0,0,0,0,0,0,0,0,0,0,0,0,0,0,0,0,0,0,0,0,0,0,0,0,0,0,0,0,0,0,0,0,0,0,0,0,0,0,0,0,0,0,0,0,0,0,0,0,0,0,0,0,0,0,0,0,0,0,0,0,0,0,0,0,0,0,0,0,0,0,0,0,0,0,0,0,0,0,0,0,0,0,0,0,0,0,0,0,0,0,0,0,0,0,0,0,0,0,0,0,0,0,0,0,0,0,0,0,0,0,0,0,0,0,0,0,0,0,0,0,0,0,0,0,0,0,0,0,0,0,0,0,0,0,0,0,0,0,0,0,0,0,0,0,0,0,0,0,0,0,0,0,0,0,0,0,0,0,0,0,0,0,0,0,0,0,0,0,0,0,0,0,0,0,0,0,0,0,0,0,0,0,0
0,0,0,0,0,0,0,0,0,0,0,0,0,0,0,0,0,0,0,0,0,0,0,0,0,0,0,0,0,0,0,0,0,0,0,0,0,0,0,0,0,0,0,0,0,0,0,0,0,0,0,0,0,0,0,0,0,0,0,0,0,0,0,0,0,0,0,0,0,0,0,0,0,0,0,0,0,0,0,0,0,0,0,0,0,0,0,0,0,0,0,0,0,0,0,0,0,0,0,0,0,0,0,0,0,0,0,0,0,0,0,0,0,0,0,0,0,0,0,0,0,0,0,0,0,0,0,0,0,0,0,0,0,0,0,0,0,0,0,0,0,0,0,0,0,0,0,0,0,0,0,0,0,0,0,0,0,0,0,0,0,0,0,0,0,0,0,0,0,0,0,0,0,0,0,0,0,0,0,0,0,0,0,0,0,0,0,0,0,0,0,0,0,0,0,0,0,0
0,0,0,0,0,0,0,0,0,0,0,0,0,0,0,0,0,0,0,0,0,0,0,0,0,0,0,0,0,0,0,0,0,0,0,0,0,0,0,0,0,0,0,0,0,0,0,0,0,0,0,0,0,0,0,0,0,0,0,0,0,0,0,0,0,0,0,0,0,0,0,0,0,0,0,0,0,0,0,0,0,0,0,0,0,0,0,0,0,0,0,0,0,0,0,0,0,0,0,0,0,0,0,0,0,0,0,0,0,0,0,0,0,0,0,0,0,0,0,0,0,0,0,0,0,0,0,0,0,0,0,0,0,0,0,0,0,0,0,0,0,0,0,0,0,0,0,0,0,0,0,0,0,0,0,0,0,0,0,0,0,0,0,0,0,0,0,0,0,0,0,0,0,0,0,0,0,0,0,0,0,0,0,0,0,0,0,0,0,0,0,0,0,0,0,0,0,0
0,0,0,0,0,0,0,0,0,0,0,0,0,0,0,0,0,0,0,0,0,0,0,0,0,0,0,0,0,0,0,0,0,0,0,0,0,0,0,0,0,0,0,0,0,0,0,0,0,0,0,0,0,0,0,0,0,0,0,0,0,0,0,0,0,0,0,0,0,0,0,0,0,0,0,0,0,0,0,0,0,0,0,0,0,0,0,0,0,0,0,0,0,0,0,0,0,0,0,0,0,0,0,0,0,0,0,0,0,0,0,0,0,0,0,0,0,0,0,0,0,0,0,0,0,0,0,0,0,0,0,0,0,0,0,0,0,0,0,0,0,0,0,0,0,0,0,0,0,0,0,0,0,0,0,0,0,0,0,0,0,0,0,0,0,0,0,0,0,0,0,0,0,0,0,0,0,0,0,0,0,0,0,0,0,0,0,0,0,0,0,0,0,0,0,0,0,0
0,0,0,0,0,0,0,0,0,0,0,0,0,0,0,0,0,0,0,0,0,0,0,0,0,0,0,0,0,0,0,0,0,0,0,0,0,0,0,0,0,0,0,0,0,0,0,0,0,0,0,0,0,0,0,0,0,0,0,0,0,0,0,0,0,0,0,0,0,0,0,0,0,0,0,0,0,0,0,0,0,0,0,0,0,0,0,0,0,0,0,0,0,0,0,0,0,0,0,0,0,0,0,0,0,0,0,0,0,0,0,0,0,0,0,0,0,0,0,0,0,0,0,0,0,0,0,0,0,0,0,0,0,0,0,0,0,0,0,0,0,0,0,0,0,0,0,0,0,0,0,0,0,0,0,0,0,0,0,0,0,0,0,0,0,0,0,0,0,0,0,0,0,0,0,0,0,0,0,0,0,0,0,0,0,0,0,0,0,0,0,0,0,0,0,0,0,0
0,0,0,0,0,0,0,0,0,0,0,0,0,0,0,0,0,0,0,0,0,0,0,0,0,0,0,0,0,0,0,0,0,0,0,0,0,0,0,0,0,0,0,0,0,0,0,0,0,0,0,0,0,0,0,0,0,0,0,0,0,0,0,0,0,0,0,0,0,0,0,0,0,0,0,0,0,0,0,0,0,0,0,0,0,0,0,0,0,0,0,0,0,0,0,0,0,0,0,0,0,0,0,0,0,0,0,0,0,0,0,0,0,0,0,0,0,0,0,0,0,0,0,0,0,0,0,0,0,0,0,0,0,0,0,0,0,0,0,0,0,0,0,0,0,0,0,0,0,0,0,0,0,0,0,0,0,0,0,0,0,0,0,0,0,0,0,0,0,0,0,0,0,0,0,0,0,0,0,0,0,0,0,0,0,0,0,0,0,0,0,0,0,0,0,0,0,0
0,0,0,0,0,0,0,0,0,0,0,0,0,0,0,0,0,0,0,0,0,0,0,0,0,0,0,0,0,0,0,0,0,0,0,0,0,0,0,0,0,0,0,0,0,0,0,0,0,0,0,0,0,0,0,0,0,0,0,0,0,0,0,0,0,0,0,0,0,0,0,0,0,0,0,0,0,0,0,0,0,0,0,0,0,0,0,0,0,0,0,0,0,0,0,0,0,0,0,0,0,0,0,0,0,0,0,0,0,0,0,0,0,0,0,0,0,0,0,0,0,0,0,0,0,0,0,0,0,0,0,0,0,0,0,0,0,0,0,0,0,0,0,0,0,0,0,0,0,0,0,0,0,0,0,0,0,0,0,0,0,0,0,0,0,0,0,0,0,0,0,0,0,0,0,0,0,0,0,0,0,0,0,0,0,0,0,0,0,0,0,0,0,0,0,0,0,0
0,0,0,0,0,0,0,0,0,0,0,0,0,0,0,0,0,0,0,0,0,0,0,0,0,0,0,0,0,0,0,0,0,0,0,0,0,0,0,0,0,0,0,0,0,0,0,0,0,0,0,0,0,0,0,0,0,0,0,0,0,0,0,0,0,0,0,0,0,0,0,0,0,0,0,0,0,0,0,0,0,0,0,0,0,0,0,0,0,0,0,0,0,0,0,0,0,0,0,0,0,0,0,0,0,0,0,0,0,0,0,0,0,0,0,0,0,0,0,0,0,0,0,0,0,0,0,0,0,0,0,0,0,0,0,0,0,0,0,0,0,0,0,0,0,0,0,0,0,0,0,0,0,0,0,0,0,0,0,0,0,0,0,0,0,0,0,0,0,0,0,0,0,0,0,0,0,0,0,0,0,0,0,0,0,0,0,0,0,0,0,0,0,0,0,0,0,0
0,0,0,0,0,0,0,0,0,0,0,0,0,0,0,0,0,0,0,0,0,0,0,0,0,0,0,0,0,0,0,0,0,0,0,0,0,0,0,0,0,0,0,0,0,0,0,0,0,0,0,0,0,0,0,0,0,0,0,0,0,0,0,0,0,0,0,0,0,0,0,0,0,0,0,0,0,0,0,0,0,0,0,0,0,0,0,0,0,0,0,0,0,0,0,0,0,0,0,0,0,0,0,0,0,0,0,0,0,0,0,0,0,0,0,0,0,0,0,0,0,0,0,0,0,0,0,0,0,0,0,0,0,0,0,0,0,0,0,0,0,0,0,0,0,0,0,0,0,0,0,0,0,0,0,0,0,0,0,0,0,0,0,0,0,0,0,0,0,0,0,0,0,0,0,0,0,0,0,0,0,0,0,0,0,0,0,0,0,0,0,0,0,0,0,0,0,0
0,0,0,0,0,0,0,0,0,0,0,0,0,0,0,0,0,0,0,0,0,0,0,0,0,0,0,0,0,0,0,0,0,0,0,0,0,0,0,0,0,0,0,0,0,0,0,0,0,0,0,0,0,0,0,0,0,0,0,0,0,0,0,0,0,0,0,0,0,0,0,0,0,0,0,0,0,0,0,0,0,0,0,0,0,0,0,0,0,0,0,0,0,0,0,0,0,0,0,0,0,0,0,0,0,0,0,0,0,0,0,0,0,0,0,0,0,0,0,0,0,0,0,0,0,0,0,0,0,0,0,0,0,0,0,0,0,0,0,0,0,0,0,0,0,0,0,0,0,0,0,0,0,0,0,0,0,0,0,0,0,0,0,0,0,0,0,0,0,0,0,0,0,0,0,0,0,0,0,0,0,0,0,0,0,0,0,0,0,0,0,0,0,0,0,0,0,0
0,0,0,0,0,0,0,0,0,0,0,0,0,0,0,0,0,0,0,0,0,0,0,0,0,0,0,0,0,0,0,0,0,0,0,0,0,0,0,0,0,0,0,0,0,0,0,0,0,0,0,0,0,0,0,0,0,0,0,0,0,0,0,0,0,0,0,0,0,0,0,0,0,0,0,0,0,0,0,0,0,0,0,0,0,0,0,0,0,0,0,0,0,0,0,0,0,0,0,0,0,0,0,0,0,0,0,0,0,0,0,0,0,0,0,0,0,0,0,0,0,0,0,0,0,0,0,0,0,0,0,0,0,0,0,0,0,0,0,0,0,0,0,0,0,0,0,0,0,0,0,0,0,0,0,0,0,0,0,0,0,0,0,0,0,0,0,0,0,0,0,0,0,0,0,0,0,0,0,0,0,0,0,0,0,0,0,0,0,0,0,0,0,0,0,0,0,0
0,0,0,0,0,0,0,0,0,0,0,0,0,0,0,0,0,0,0,0,0,0,0,0,0,0,0,0,0,0,0,0,0,0,0,0,0,0,0,0,0,0,0,0,0,0,0,0,0,0,0,0,0,0,0,0,0,0,0,0,0,0,0,0,0,0,0,0,0,0,0,0,0,0,0,0,0,0,0,0,0,0,0,0,0,0,0,0,0,0,0,0,0,0,0,0,0,0,0,0,0,0,0,0,0,0,0,0,0,0,0,0,0,0,0,0,0,0,0,0,0,0,0,0,0,0,0,0,0,0,0,0,0,0,0,0,0,0,0,0,0,0,0,0,0,0,0,0,0,0,0,0,0,0,0,0,0,0,0,0,0,0,0,0,0,0,0,0,0,0,0,0,0,0,0,0,0,0,0,0,0,0,0,0,0,0,0,0,0,0,0,0,0,0,0,0,0,0
0,0,0,0,0,0,0,0,0,0,0,0,0,0,0,0,0,0,0,0,0,0,0,0,0,0,0,0,0,0,0,0,0,0,0,0,0,0,0,0,0,0,0,0,0,0,0,0,0,0,0,0,0,0,0,0,0,0,0,0,0,0,0,0,0,0,0,0,0,0,0,0,0,0,0,0,0,0,0,0,0,0,0,0,0,0,0,0,0,0,0,0,0,0,0,0,0,0,0,0,0,0,0,0,0,0,0,0,0,0,0,0,0,0,0,0,0,0,0,0,0,0,0,0,0,0,0,0,0,0,0,0,0,0,0,0,0,0,0,0,0,0,0,0,0,0,0,0,0,0,0,0,0,0,0,0,0,0,0,0,0,0,0,0,0,0,0,0,0,0,0,0,0,0,0,0,0,0,0,0,0,0,0,0,0,0,0,0,0,0,0,0,0,0,0,0,0,0
0,0,0,0,0,0,0,0,0,0,0,0,0,0,0,0,0,0,0,0,0,0,0,0,0,0,0,0,0,0,0,0,0,0,0,0,0,0,0,0,0,0,0,0,0,0,0,0,0,0,0,0,0,0,0,0,0,0,0,0,0,0,0,0,0,0,0,0,0,0,0,0,0,0,0,0,0,0,0,0,0,0,0,0,0,0,0,0,0,0,0,0,0,0,0,0,0,0,0,0,0,0,0,0,0,0,0,0,0,0,0,0,0,0,0,0,0,0,0,0,0,0,0,0,0,0,0,0,0,0,0,0,0,0,0,0,0,0,0,0,0,0,0,0,0,0,0,0,0,0,0,0,0,0,0,0,0,0,0,0,0,0,0,0,0,0,0,0,0,0,0,0,0,0,0,0,0,0,0,0,0,0,0,0,0,0,0,0,0,0,0,0,0,0,0,0,0,0
0,0,0,0,0,0,0,0,0,0,0,0,0,0,0,0,0,0,0,0,0,0,0,0,0,0,0,0,0,0,0,0,0,0,0,0,0,0,0,0,0,0,0,0,0,0,0,0,0,0,0,0,0,0,0,0,0,0,0,0,0,0,0,0,0,0,0,0,0,0,0,0,0,0,0,0,0,0,0,0,0,0,0,0,0,0,0,0,0,0,0,0,0,0,0,0,0,0,0,0,0,0,0,0,0,0,0,0,0,0,0,0,0,0,0,0,0,0,0,0,0,0,0,0,0,0,0,0,0,0,0,0,0,0,0,0,0,0,0,0,0,0,0,0,0,0,0,0,0,0,0,0,0,0,0,0,0,0,0,0,0,0,0,0,0,0,0,0,0,0,0,0,0,0,0,0,0,0,0,0,0,0,0,0,0,0,0,0,0,0,0,0,0,0,0,0,0,0
0,0,0,0,0,0,0,0,0,0,0,0,0,0,0,0,0,0,0,0,0,0,0,0,0,0,0,0,0,0,0,0,0,0,0,0,0,0,0,0,0,0,0,0,0,0,0,0,0,0,0,0,0,0,0,0,0,0,0,0,0,0,0,0,0,0,0,0,0,0,0,0,0,0,0,0,0,0,0,0,0,0,0,0,0,0,0,0,0,0,0,0,0,0,0,0,0,0,0,0,0,0,0,0,0,0,0,0,0,0,0,0,0,0,0,0,0,0,0,0,0,0,0,0,0,0,0,0,0,0,0,0,0,0,0,0,0,0,0,0,0,0,0,0,0,0,0,0,0,0,0,0,0,0,0,0,0,0,0,0,0,0,0,0,0,0,0,0,0,0,0,0,0,0,0,0,0,0,0,0,0,0,0,0,0,0,0,0,0,0,0,0,0,0,0,0,0,0
0,0,0,0,0,0,0,0,0,0,0,0,0,0,0,0,0,0,0,0,0,0,0,0,0,0,0,0,0,0,0,0,0,0,0,0,0,0,0,0,0,0,0,0,0,0,0,0,0,0,0,0,0,0,0,0,0,0,0,0,0,0,0,0,0,0,0,0,0,0,0,0,0,0,0,0,0,0,0,0,0,0,0,0,0,0,0,0,0,0,0,0,0,0,0,0,0,0,0,0,0,0,0,0,0,0,0,0,0,0,0,0,0,0,0,0,0,0,0,0,0,0,0,0,0,0,0,0,0,0,0,0,0,0,0,0,0,0,0,0,0,0,0,0,0,0,0,0,0,0,0,0,0,0,0,0,0,0,0,0,0,0,0,0,0,0,0,0,0,0,0,0,0,0,0,0,0,0,0,0,0,0,0,0,0,0,0,0,0,0,0,0,0,0,0,0,0,0
0,0,0,0,0,0,0,0,0,0,0,0,0,0,0,0,0,0,0,0,0,0,0,0,0,0,0,0,0,0,0,0,0,0,0,0,0,0,0,0,0,0,0,0,0,0,0,0,0,0,0,0,0,0,0,0,0,0,0,0,0,0,0,0,0,0,0,0,0,0,0,0,0,0,0,0,0,0,0,0,0,0,0,0,0,0,0,0,0,0,0,0,0,0,0,0,0,0,0,0,0,0,0,0,0,0,0,0,0,0,0,0,0,0,0,0,0,0,0,0,0,0,0,0,0,0,0,0,0,0,0,0,0,0,0,0,0,0,0,0,0,0,0,0,0,0,0,0,0,0,0,0,0,0,0,0,0,0,0,0,0,0,0,0,0,0,0,0,0,0,0,0,0,0,0,0,0,0,0,0,0,0,0,0,0,0,0,0,0,0,0,0,0,0,0,0,0,0
0,0,0,0,0,0,0,0,0,0,0,0,0,0,0,0,0,0,0,0,0,0,0,0,0,0,0,0,0,0,0,0,0,0,0,0,0,0,0,0,0,0,0,0,0,0,0,0,0,0,0,0,0,0,0,0,0,0,0,0,0,0,0,0,0,0,0,0,0,0,0,0,0,0,0,0,0,0,0,0,0,0,0,0,0,0,0,0,0,0,0,0,0,0,0,0,0,0,0,0,0,0,0,0,0,0,0,0,0,0,0,0,0,0,0,0,0,0,0,0,0,0,0,0,0,0,0,0,0,0,0,0,0,0,0,0,0,0,0,0,0,0,0,0,0,0,0,0,0,0,0,0,0,0,0,0,0,0,0,0,0,0,0,0,0,0,0,0,0,0,0,0,0,0,0,0,0,0,0,0,0,0,0,0,0,0,0,0,0,0,0,0,0,0,0,0,0,0
0,0,0,0,0,0,0,0,0,0,0,0,0,0,0,0,0,0,0,0,0,0,0,0,0,0,0,0,0,0,0,0,0,0,0,0,0,0,0,0,0,0,0,0,0,0,0,0,0,0,0,0,0,0,0,0,0,0,0,0,0,0,0,0,0,0,0,0,0,0,0,0,0,0,0,0,0,0,0,0,0,0,0,0,0,0,0,0,0,0,0,0,0,0,0,0,0,0,0,0,0,0,0,0,0,0,0,0,0,0,0,0,0,0,0,0,0,0,0,0,0,0,0,0,0,0,0,0,0,0,0,0,0,0,0,0,0,0,0,0,0,0,0,0,0,0,0,0,0,0,0,0,0,0,0,0,0,0,0,0,0,0,0,0,0,0,0,0,0,0,0,0,0,0,0,0,0,0,0,0,0,0,0,0,0,0,0,0,0,0,0,0,0,0,0,0,0,0
0,0,0,0,0,0,0,0,0,0,0,0,0,0,0,0,0,0,0,0,0,0,0,0,0,0,0,0,0,0,0,0,0,0,0,0,0,0,0,0,0,0,0,0,0,0,0,0,0,0,0,0,0,0,0,0,0,0,0,0,0,0,0,0,0,0,0,0,0,0,0,0,0,0,0,0,0,0,0,0,0,0,0,0,0,0,0,0,0,0,0,0,0,0,0,0,0,0,0,0,0,0,0,0,0,0,0,0,0,0,0,0,0,0,0,0,0,0,0,0,0,0,0,0,0,0,0,0,0,0,0,0,0,0,0,0,0,0,0,0,0,0,0,0,0,0,0,0,0,0,0,0,0,0,0,0,0,0,0,0,0,0,0,0,0,0,0,0,0,0,0,0,0,0,0,0,0,0,0,0,0,0,0,0,0,0,0,0,0,0,0,0,0,0,0,0,0,0
0,0,0,0,0,0,0,0,0,0,0,0,0,0,0,0,0,0,0,0,0,0,0,0,0,0,0,0,0,0,0,0,0,0,0,0,0,0,0,0,0,0,0,0,0,0,0,0,0,0,0,0,0,0,0,0,0,0,0,0,0,0,0,0,0,0,0,0,0,0,0,0,0,0,0,0,0,0,0,0,0,0,0,0,0,0,0,0,0,0,0,0,0,0,0,0,0,0,0,0,0,0,0,0,0,0,0,0,0,0,0,0,0,0,0,0,0,0,0,0,0,0,0,0,0,0,0,0,0,0,0,0,0,0,0,0,0,0,0,0,0,0,0,0,0,0,0,0,0,0,0,0,0,0,0,0,0,0,0,0,0,0,0,0,0,0,0,0,0,0,0,0,0,0,0,0,0,0,0,0,0,0,0,0,0,0,0,0,0,0,0,0,0,0,0,0,0,0
0,0,0,0,0,0,0,0,0,0,0,0,0,0,0,0,0,0,0,0,0,0,0,0,0,0,0,0,0,0,0,0,0,0,0,0,0,0,0,0,0,0,0,0,0,0,0,0,0,0,0,0,0,0,0,0,0,0,0,0,0,0,0,0,0,0,0,0,0,0,0,0,0,0,0,0,0,0,0,0,0,0,0,0,0,0,0,0,0,0,0,0,0,0,0,0,0,0,0,0,0,0,0,0,0,0,0,0,0,0,0,0,0,0,0,0,0,0,0,0,0,0,0,0,0,0,0,0,0,0,0,0,0,0,0,0,0,0,0,0,0,0,0,0,0,0,0,0,0,0,0,0,0,0,0,0,0,0,0,0,0,0,0,0,0,0,0,0,0,0,0,0,0,0,0,0,0,0,0,0,0,0,0,0,0,0,0,0,0,0,0,0,0,0,0,0,0,0
0,0,0,0,0,0,0,0,0,0,0,0,0,0,0,0,0,0,0,0,0,0,0,0,0,0,0,0,0,0,0,0,0,0,0,0,0,0,0,0,0,0,0,0,0,0,0,0,0,0,0,0,0,0,0,0,0,0,0,0,0,0,0,0,0,0,0,0,0,0,0,0,0,0,0,0,0,0,0,0,0,0,0,0,0,0,0,0,0,0,0,0,0,0,0,0,0,0,0,0,0,0,0,0,0,0,0,0,0,0,0,0,0,0,0,0,0,0,0,0,0,0,0,0,0,0,0,0,0,0,0,0,0,0,0,0,0,0,0,0,0,0,0,0,0,0,0,0,0,0,0,0,0,0,0,0,0,0,0,0,0,0,0,0,0,0,0,0,0,0,0,0,0,0,0,0,0,0,0,0,0,0,0,0,0,0,0,0,0,0,0,0,0,0,0,0,0,0
0,0,0,0,0,0,0,0,0,0,0,0,0,0,0,0,0,0,0,0,0,0,0,0,0,0,0,0,0,0,0,0,0,0,0,0,0,0,0,0,0,0,0,0,0,0,0,0,0,0,0,0,0,0,0,0,0,0,0,0,0,0,0,0,0,0,0,0,0,0,0,0,0,0,0,0,0,0,0,0,0,0,0,0,0,0,0,0,0,0,0,0,0,0,0,0,0,0,0,0,0,0,0,0,0,0,0,0,0,0,0,0,0,0,0,0,0,0,0,0,0,0,0,0,0,0,0,0,0,0,0,0,0,0,0,0,0,0,0,0,0,0,0,0,0,0,0,0,0,0,0,0,0,0,0,0,0,0,0,0,0,0,0,0,0,0,0,0,0,0,0,0,0,0,0,0,0,0,0,0,0,0,0,0,0,0,0,0,0,0,0,0,0,0,0,0,0,0
0,0,0,0,0,0,0,0,0,0,0,0,0,0,0,0,0,0,0,0,0,0,0,0,0,0,0,0,0,0,0,0,0,0,0,0,0,0,0,0,0,0,0,0,0,0,0,0,0,0,0,0,0,0,0,0,0,0,0,0,0,0,0,0,0,0,0,0,0,0,0,0,0,0,0,0,0,0,0,0,0,0,0,0,0,0,0,0,0,0,0,0,0,0,0,0,0,0,0,0,0,0,0,0,0,0,0,0,0,0,0,0,0,0,0,0,0,0,0,0,0,0,0,0,0,0,0,0,0,0,0,0,0,0,0,0,0,0,0,0,0,0,0,0,0,0,0,0,0,0,0,0,0,0,0,0,0,0,0,0,0,0,0,0,0,0,0,0,0,0,0,0,0,0,0,0,0,0,0,0,0,0,0,0,0,0,0,0,0,0,0,0,0,0,0,0,0,0
0,0,0,0,0,0,0,0,0,0,0,0,0,0,0,0,0,0,0,0,0,0,0,0,0,0,0,0,0,0,0,0,0,0,0,0,0,0,0,0,0,0,0,0,0,0,0,0,0,0,0,0,0,0,0,0,0,0,0,0,0,0,0,0,0,0,0,0,0,0,0,0,0,0,0,0,0,0,0,0,0,0,0,0,0,0,0,0,0,0,0,0,0,0,0,0,0,0,0,0,0,0,0,0,0,0,0,0,0,0,0,0,0,0,0,0,0,0,0,0,0,0,0,0,0,0,0,0,0,0,0,0,0,0,0,0,0,0,0,0,0,0,0,0,0,0,0,0,0,0,0,0,0,0,0,0,0,0,0,0,0,0,0,0,0,0,0,0,0,0,0,0,0,0,0,0,0,0,0,0,0,0,0,0,0,0,0,0,0,0,0,0,0,0,0,0,0,0
0,0,0,0,0,0,0,0,0,0,0,0,0,0,0,0,0,0,0,0,0,0,0,0,0,0,0,0,0,0,0,0,0,0,0,0,0,0,0,0,0,0,0,0,0,0,0,0,0,0,0,0,0,0,0,0,0,0,0,0,0,0,0,0,0,0,0,0,0,0,0,0,0,0,0,0,0,0,0,0,0,0,0,0,0,0,0,0,0,0,0,0,0,0,0,0,0,0,0,0,0,0,0,0,0,0,0,0,0,0,0,0,0,0,0,0,0,0,0,0,0,0,0,0,0,0,0,0,0,0,0,0,0,0,0,0,0,0,0,0,0,0,0,0,0,0,0,0,0,0,0,0,0,0,0,0,0,0,0,0,0,0,0,0,0,0,0,0,0,0,0,0,0,0,0,0,0,0,0,0,0,0,0,0,0,0,0,0,0,0,0,0,0,0,0,0,0,0
0,0,0,0,0,0,0,0,0,0,0,0,0,0,0,0,0,0,0,0,0,0,0,0,0,0,0,0,0,0,0,0,0,0,0,0,0,0,0,0,0,0,0,0,0,0,0,0,0,0,0,0,0,0,0,0,0,0,0,0,0,0,0,0,0,0,0,0,0,0,0,0,0,0,0,0,0,0,0,0,0,0,0,0,0,0,0,0,0,0,0,0,0,0,0,0,0,0,0,0,0,0,0,0,0,0,0,0,0,0,0,0,0,0,0,0,0,0,0,0,0,0,0,0,0,0,0,0,0,0,0,0,0,0,0,0,0,0,0,0,0,0,0,0,0,0,0,0,0,0,0,0,0,0,0,0,0,0,0,0,0,0,0,0,0,0,0,0,0,0,0,0,0,0,0,0,0,0,0,0,0,0,0,0,0,0,0,0,0,0,0,0,0,0,0,0,0,0
0,0,0,0,0,0,0,0,0,0,0,0,0,0,0,0,0,0,0,0,0,0,0,0,0,0,0,0,0,0,0,0,0,0,0,0,0,0,0,0,0,0,0,0,0,0,0,0,0,0,0,0,0,0,0,0,0,0,0,0,0,0,0,0,0,0,0,0,0,0,0,0,0,0,0,0,0,0,0,0,0,0,0,0,0,0,0,0,0,0,0,0,0,0,0,0,0,0,0,0,0,0,0,0,0,0,0,0,0,0,0,0,0,0,0,0,0,0,0,0,0,0,0,0,0,0,0,0,0,0,0,0,0,0,0,0,0,0,0,0,0,0,0,0,0,0,0,0,0,0,0,0,0,0,0,0,0,0,0,0,0,0,0,0,0,0,0,0,0,0,0,0,0,0,0,0,0,0,0,0,0,0,0,0,0,0,0,0,0,0,0,0,0,0,0,0,0,0
0,0,0,0,0,0,0,0,0,0,0,0,0,0,0,0,0,0,0,0,0,0,0,0,0,0,0,0,0,0,0,0,0,0,0,0,0,0,0,0,0,0,0,0,0,0,0,0,0,0,0,0,0,0,0,0,0,0,0,0,0,0,0,0,0,0,0,0,0,0,0,0,0,0,0,0,0,0,0,0,0,0,0,0,0,0,0,0,0,0,0,0,0,0,0,0,0,0,0,0,0,0,0,0,0,0,0,0,0,0,0,0,0,0,0,0,0,0,0,0,0,0,0,0,0,0,0,0,0,0,0,0,0,0,0,0,0,0,0,0,0,0,0,0,0,0,0,0,0,0,0,0,0,0,0,0,0,0,0,0,0,0,0,0,0,0,0,0,0,0,0,0,0,0,0,0,0,0,0,0,0,0,0,0,0,0,0,0,0,0,0,0,0,0,0,0,0,0
0,0,0,0,0,0,0,0,0,0,0,0,0,0,0,0,0,0,0,0,0,0,0,0,0,0,0,0,0,0,0,0,0,0,0,0,0,0,0,0,0,0,0,0,0,0,0,0,0,0,0,0,0,0,0,0,0,0,0,0,0,0,0,0,0,0,0,0,0,0,0,0,0,0,0,0,0,0,0,0,0,0,0,0,0,0,0,0,0,0,0,0,0,0,0,0,0,0,0,0,0,0,0,0,0,0,0,0,0,0,0,0,0,0,0,0,0,0,0,0,0,0,0,0,0,0,0,0,0,0,0,0,0,0,0,0,0,0,0,0,0,0,0,0,0,0,0,0,0,0,0,0,0,0,0,0,0,0,0,0,0,0,0,0,0,0,0,0,0,0,0,0,0,0,0,0,0,0,0,0,0,0,0,0,0,0,0,0,0,0,0,0,0,0,0,0,0,0
0,0,0,0,0,0,0,0,0,0,0,0,0,0,0,0,0,0,0,0,0,0,0,0,0,0,0,0,0,0,0,0,0,0,0,0,0,0,0,0,0,0,0,0,0,0,0,0,0,0,0,0,0,0,0,0,0,0,0,0,0,0,0,0,0,0,0,0,0,0,0,0,0,0,0,0,0,0,0,0,0,0,0,0,0,0,0,0,0,0,0,0,0,0,0,0,0,0,0,0,0,0,0,0,0,0,0,0,0,0,0,0,0,0,0,0,0,0,0,0,0,0,0,0,0,0,0,0,0,0,0,0,0,0,0,0,0,0,0,0,0,0,0,0,0,0,0,0,0,0,0,0,0,0,0,0,0,0,0,0,0,0,0,0,0,0,0,0,0,0,0,0,0,0,0,0,0,0,0,0,0,0,0,0,0,0,0,0,0,0,0,0,0,0,0,0,0,0
0,0,0,0,0,0,0,0,0,0,0,0,0,0,0,0,0,0,0,0,0,0,0,0,0,0,0,0,0,0,0,0,0,0,0,0,0,0,0,0,0,0,0,0,0,0,0,0,0,0,0,0,0,0,0,0,0,0,0,0,0,0,0,0,0,0,0,0,0,0,0,0,0,0,0,0,0,0,0,0,0,0,0,0,0,0,0,0,0,0,0,0,0,0,0,0,0,0,0,0,0,0,0,0,0,0,0,0,0,0,0,0,0,0,0,0,0,0,0,0,0,0,0,0,0,0,0,0,0,0,0,0,0,0,0,0,0,0,0,0,0,0,0,0,0,0,0,0,0,0,0,0,0,0,0,0,0,0,0,0,0,0,0,0,0,0,0,0,0,0,0,0,0,0,0,0,0,0,0,0,0,0,0,0,0,0,0,0,0,0,0,0,0,0,0,0,0,0
0,0,0,0,0,0,0,0,0,0,0,0,0,0,0,0,0,0,0,0,0,0,0,0,0,0,0,0,0,0,0,0,0,0,0,0,0,0,0,0,0,0,0,0,0,0,0,0,0,0,0,0,0,0,0,0,0,0,0,0,0,0,0,0,0,0,0,0,0,0,0,0,0,0,0,0,0,0,0,0,0,0,0,0,0,0,0,0,0,0,0,0,0,0,0,0,0,0,0,0,0,0,0,0,0,0,0,0,0,0,0,0,0,0,0,0,0,0,0,0,0,0,0,0,0,0,0,0,0,0,0,0,0,0,0,0,0,0,0,0,0,0,0,0,0,0,0,0,0,0,0,0,0,0,0,0,0,0,0,0,0,0,0,0,0,0,0,0,0,0,0,0,0,0,0,0,0,0,0,0,0,0,0,0,0,0,0,0,0,0,0,0,0,0,0,0,0,0
0,0,0,0,0,0,0,0,0,0,0,0,0,0,0,0,0,0,0,0,0,0,0,0,0,0,0,0,0,0,0,0,0,0,0,0,0,0,0,0,0,0,0,0,0,0,0,0,0,0,0,0,0,0,0,0,0,0,0,0,0,0,0,0,0,0,0,0,0,0,0,0,0,0,0,0,0,0,0,0,0,0,0,0,0,0,0,0,0,0,0,0,0,0,0,0,0,0,0,0,0,0,0,0,0,0,0,0,0,0,0,0,0,0,0,0,0,0,0,0,0,0,0,0,0,0,0,0,0,0,0,0,0,0,0,0,0,0,0,0,0,0,0,0,0,0,0,0,0,0,0,0,0,0,0,0,0,0,0,0,0,0,0,0,0,0,0,0,0,0,0,0,0,0,0,0,0,0,0,0,0,0,0,0,0,0,0,0,0,0,0,0,0,0,0,0,0,0
0,0,0,0,0,0,0,0,0,0,0,0,0,0,0,0,0,0,0,0,0,0,0,0,0,0,0,0,0,0,0,0,0,0,0,0,0,0,0,0,0,0,0,0,0,0,0,0,0,0,0,0,0,0,0,0,0,0,0,0,0,0,0,0,0,0,0,0,0,0,0,0,0,0,0,0,0,0,0,0,0,0,0,0,0,0,0,0,0,0,0,0,0,0,0,0,0,0,0,0,0,0,0,0,0,0,0,0,0,0,0,0,0,0,0,0,0,0,0,0,0,0,0,0,0,0,0,0,0,0,0,0,0,0,0,0,0,0,0,0,0,0,0,0,0,0,0,0,0,0,0,0,0,0,0,0,0,0,0,0,0,0,0,0,0,0,0,0,0,0,0,0,0,0,0,0,0,0,0,0,0,0,0,0,0,0,0,0,0,0,0,0,0,0,0,0,0,0
0,0,0,0,0,0,0,0,0,0,0,0,0,0,0,0,0,0,0,0,0,0,0,0,0,0,0,0,0,0,0,0,0,0,0,0,0,0,0,0,0,0,0,0,0,0,0,0,0,0,0,0,0,0,0,0,0,0,0,0,0,0,0,0,0,0,0,0,0,0,0,0,0,0,0,0,0,0,0,0,0,0,0,0,0,0,0,0,0,0,0,0,0,0,0,0,0,0,0,0,0,0,0,0,0,0,0,0,0,0,0,0,0,0,0,0,0,0,0,0,0,0,0,0,0,0,0,0,0,0,0,0,0,0,0,0,0,0,0,0,0,0,0,0,0,0,0,0,0,0,0,0,0,0,0,0,0,0,0,0,0,0,0,0,0,0,0,0,0,0,0,0,0,0,0,0,0,0,0,0,0,0,0,0,0,0,0,0,0,0,0,0,0,0,0,0,0,0
0,0,0,0,0,0,0,0,0,0,0,0,0,0,0,0,0,0,0,0,0,0,0,0,0,0,0,0,0,0,0,0,0,0,0,0,0,0,0,0,0,0,0,0,0,0,0,0,0,0,0,0,0,0,0,0,0,0,0,0,0,0,0,0,0,0,0,0,0,0,0,0,0,0,0,0,0,0,0,0,0,0,0,0,0,0,0,0,0,0,0,0,0,0,0,0,0,0,0,0,0,0,0,0,0,0,0,0,0,0,0,0,0,0,0,0,0,0,0,0,0,0,0,0,0,0,0,0,0,0,0,0,0,0,0,0,0,0,0,0,0,0,0,0,0,0,0,0,0,0,0,0,0,0,0,0,0,0,0,0,0,0,0,0,0,0,0,0,0,0,0,0,0,0,0,0,0,0,0,0,0,0,0,0,0,0,0,0,0,0,0,0,0,0,0,0,0,0
0,0,0,0,0,0,0,0,0,0,0,0,0,0,0,0,0,0,0,0,0,0,0,0,0,0,0,0,0,0,0,0,0,0,0,0,0,0,0,0,0,0,0,0,0,0,0,0,0,0,0,0,0,0,0,0,0,0,0,0,0,0,0,0,0,0,0,0,0,0,0,0,0,0,0,0,0,0,0,0,0,0,0,0,0,0,0,0,0,0,0,0,0,0,0,0,0,0,0,0,0,0,0,0,0,0,0,0,0,0,0,0,0,0,0,0,0,0,0,0,0,0,0,0,0,0,0,0,0,0,0,0,0,0,0,0,0,0,0,0,0,0,0,0,0,0,0,0,0,0,0,0,0,0,0,0,0,0,0,0,0,0,0,0,0,0,0,0,0,0,0,0,0,0,0,0,0,0,0,0,0,0,0,0,0,0,0,0,0,0,0,0,0,0,0,0,0,0
0,0,0,0,0,0,0,0,0,0,0,0,0,0,0,0,0,0,0,0,0,0,0,0,0,0,0,0,0,0,0,0,0,0,0,0,0,0,0,0,0,0,0,0,0,0,0,0,0,0,0,0,0,0,0,0,0,0,0,0,0,0,0,0,0,0,0,0,0,0,0,0,0,0,0,0,0,0,0,0,0,0,0,0,0,0,0,0,0,0,0,0,0,0,0,0,0,0,0,0,0,0,0,0,0,0,0,0,0,0,0,0,0,0,0,0,0,0,0,0,0,0,0,0,0,0,0,0,0,0,0,0,0,0,0,0,0,0,0,0,0,0,0,0,0,0,0,0,0,0,0,0,0,0,0,0,0,0,0,0,0,0,0,0,0,0,0,0,0,0,0,0,0,0,0,0,0,0,0,0,0,0,0,0,0,0,0,0,0,0,0,0,0,0,0,0,0,0
