0,0,0,0,0,0,0,0,0,0,0,0,0,0,0,0,0,0,0,0,0,0,0,0,0,0,0,0,0,0,0,0,0,0,0,0,0,0,0,0,0,0,0,0,0,0,0,0,0,0,0,0,0,0,0,0,0,0,0,0,0,0,0,0,0,0,0,0,0,0,0,0,0,0,0,0,0,0,0,0,0,0,0,0,0,0,0,0,0,0,0,0,0,0,0,0,0,0,0,0,0,0,0,0,0,0,0,0,0,0,0,0,0,0,0,0,0,0,0,0,0,0,0,0,0,0,0,0,0,0,0,0,0,0,0,0,0,0,0,0,0,0,0,0,0,0,0,0,0,0,0,0,0,0,0,0,0,0,0,0,0,0,0,0,0,0,0,0,0,0,0,0,0,0,0,0,0,0,0,0,0,0,0,0,0,0,0,0,0,0,0,0,0,0,0,0,0,0
0,0,0,0,0,0,0,0,0,0,0,0,0,0,0,0,0,0,0,0,0,0,0,0,0,0,0,0,0,0,0,0,0,0,0,0,0,0,0,0,0,0,0,0,0,0,0,0,0,0,0,0,0,0,0,0,0,0,0,0,0,0,0,0,0,0,0,0,0,0,0,0,0,0,0,0,0,0,0,0,0,0,0,0,0,0,0,0,0,0,0,0,0,0,0,0,0,0,0,0,0,0,0,0,0,0,0,0,0,0,0,0,0,0,0,0,0,0,0,0,0,0,0,0,0,0,0,0,0,0,0,0,0,0,0,0,0,0,0,0,0,0,0,0,0,0,0,0,0,0,0,0,0,0,0,0,0,0,0,0,0,0,0,0,0,0,0,0,0,0,0,0,0,0,0,0,0,0,0,0,0,0,0,0,0,0,0,0,0,0,0,0,0,0,0,0,0,0
0,0,0,0,0,0,0,0,0,0,0,0,0,0,0,0,0,0,0,0,0,0,0,0,0,0,0,0,0,0,0,0,0,0,0,0,0,0,0,0,0,0,0,0,0,0,0,0,0,0,0,0,0,0,0,0,0,0,0,0,0,0,0,0,0,0,0,0,0,0,0,0,0,0,0,0,0,0,0,0,0,0,0,0,0,0,0,0,0,0,0,0,0,0,0,0,0,0,0,0,0,0,0,0,0,0,0,0,0,0,0,0,0,0,0,0,0,0,0,0,0,0,0,0,0,0,0,0,0,0,0,0,0,0,0,0,0,0,0,0,0,0,0,0,0,0,0,0,0,0,0,0,0,0,0,0,0,0,0,0,0,0,0,0,0,0,0,0,0,0,0,0,0,0,0,0,0,0,0,0,0,0,0,0,0,0,0,0,0,0,0,0,0,0,0,0,0,0
0,0,0,0,0,0,0,0,0,0,0,0,0,0,0,0,0,0,0,0,0,0,0,0,0,0,0,0,0,0,0,0,0,0,0,0,0,0,0,0,0,0,0,0,0,0,0,0,0,0,0,0,0,0,0,0,0,0,0,0,0,0,0,0,0,0,0,0,0,0,0,0,0,0,0,0,0,0,0,0,0,0,0,0,0,0,0,0,0,0,0,0,0,0,0,0,0,0,0,0,0,0,0,0,0,0,0,0,0,0,0,0,0,0,0,0,0,0,0,0,0,0,0,0,0,0,0,0,0,0,0,0,0,0,0,0,0,0,0,0,0,0,0,0,0,0,0,0,0,0,0,0,0,0,0,0,0,0,0,0,0,0,0,0,0,0,0,0,0,0,0,0,0,0,0,0,0,0,0,0,0,0,0,0,0,0,0,0,0,0,0,0,0,0,0,0,0,0
0,0,0,0,0,0,0,0,0,0,0,0,0,0,0,0,0,0,0,0,0,0,0,0,0,0,0,0,0,0,0,0,0,0,0,0,0,0,0,0,0,0,0,0,0,0,0,0,0,0,0,0,0,0,0,0,0,0,0,0,0,0,0,0,0,0,0,0,0,0,0,0,0,0,0,0,0,0,0,0,0,0,0,0,0,0,0,0,0,0,0,0,0,0,0,0,0,0,0,0,0,0,0,0,0,0,0,0,0,0,0,0,0,0,0,0,0,0,0,0,0,0,0,0,0,0,0,0,0,0,0,0,0,0,0,0,0,0,0,0,0,0,0,0,0,0,0,0,0,0,0,0,0,0,0,0,0,0,0,0,0,0,0,0,0,0,0,0,0,0,0,0,0,0,0,0,0,0,0,0,0,0,0,0,0,0,0,0,0,0,0,0,0,0,0,0,0,0
0,0,0,0,0,0,0,0,0,0,0,0,0,0,0,0,0,0,0,0,0,0,0,0,0,0,0,0,0,0,0,0,0,0,0,0,0,0,0,0,0,0,0,0,0,0,0,0,0,0,0,0,0,0,0,0,0,0,0,0,0,0,0,0,0,0,0,0,0,0,0,0,0,0,0,0,0,0,0,0,0,0,0,0,0,0,0,0,0,0,0,0,0,0,0,0,0,0,0,0,0,0,0,0,0,0,0,0,0,0,0,0,0,0,0,0,0,0,0,0,0,0,0,0,0,0,0,0,0,0,0,0,0,0,0,0,0,0,0,0,0,0,0,0,0,0,0,0,0,0,0,0,0,0,0,0,0,0,0,0,0,0,0,0,0,0,0,0,0,0,0,0,0,0,0,0,0,0,0,0,0,0,0,0,0,0,0,0,0,0,0,0,0,0,0,0,0,0
0,0,0,0,0,0,0,0,0,0,0,0,0,0,0,0,0,0,0,0,0,0,0,0,0,0,0,0,0,0,0,0,0,0,0,0,0,0,0,0,0,0,0,0,0,0,0,0,0,0,0,0,0,0,0,0,0,0,0,0,0,0,0,0,0,0,0,0,0,0,0,0,0,0,0,0,0,0,0,0,0,0,0,0,0,0,0,0,0,0,0,0,0,0,0,0,0,0,0,0,0,0,0,0,0,0,0,0,0,0,0,0,0,0,0,0,0,0,0,0,0,0,0,0,0,0,0,0,0,0,0,0,0,0,0,0,0,0,0,0,0,0,0,0,0,0,0,0,0,0,0,0,0,0,0,0,0,0,0,0,0,0,0,0,0,0,0,0,0,0,0,0,0,0,0,0,0,0,0,0,0,0,0,0,0,0,0,0,0,0,0,0,0,0,0,0,0,0
0,0,0,0,0,0,0,0,0,0,0,0,0,0,0,0,0,0,0,0,0,0,0,0,0,0,0,0,0,0,0,0,0,0,0,0,0,0,0,0,0,0,0,0,0,0,0,0,0,0,0,0,0,0,0,0,0,0,0,0,0,0,0,0,0,0,0,0,0,0,0,0,0,0,0,0,0,0,0,0,0,0,0,0,0,0,0,0,0,0,0,0,0,0,0,0,0,0,0,0,0,0,0,0,0,0,0,0,0,0,0,0,0,0,0,0,0,0,0,0,0,0,0,0,0,0,0,0,0,0,0,0,0,0,0,0,0,0,0,0,0,0,0,0,0,0,0,0,0,0,0,0,0,0,0,0,0,0,0,0,0,0,0,0,0,0,0,0,0,0,0,0,0,0,0,0,0,0,0,0,0,0,0,0,0,0,0,0,0,0,0,0,0,0,0,0,0,0
0,0,0,0,0,0,0,0,0,0,0,0,0,0,0,0,0,0,0,0,0,0,0,0,0,0,0,0,0,0,0,0,0,0,0,0,0,0,0,0,0,0,0,0,0,0,0,0,0,0,0,0,0,0,0,0,0,0,0,0,0,0,0,0,0,0,0,0,0,0,0,0,0,0,0,0,0,0,0,0,0,0,0,0,0,0,0,0,0,0,0,0,0,0,0,0,0,0,0,0,0,0,0,0,0,0,0,0,0,0,0,0,0,0,0,0,0,0,0,0,0,0,0,0,0,0,0,0,0,0,0,0,0,0,0,0,0,0,0,0,0,0,0,0,0,0,0,0,0,0,0,0,0,0,0,0,0,0,0,0,0,0,0,0,0,0,0,0,0,0,0,0,0,0,0,0,0,0,0,0,0,0,0,0,0,0,0,0,0,0,0,0,0,0,0,0,0,0
0,0,0,0,0,0,0,0,0,0,0,0,0,0,0,0,0,0,0,0,0,0,0,0,0,0,0,0,0,0,0,0,0,0,0,0,0,0,0,0,0,0,0,0,0,0,0,0,0,0,0,0,0,0,0,0,0,0,0,0,0,0,0,0,0,0,0,0,0,0,0,0,0,0,0,0,0,0,0,0,0,0,0,0,0,0,0,0,0,0,0,0,0,0,0,0,0,0,0,0,0,0,0,0,0,0,0,0,0,0,0,0,0,0,0,0,0,0,0,0,0,0,0,0,0,0,0,0,0,0,0,0,0,0,0,0,0,0,0,0,0,0,0,0,0,0,0,0,0,0,0,0,0,0,0,0,0,0,0,0,0,0,0,0,0,0,0,0,0,0,0,0,0,0,0,0,0,0,0,0,0,0,0,0,0,0,0,0,0,0,0,0,0,0,0,0,0,0
0,0,0,0,0,0,0,0,0,0,0,0,0,0,0,0,0,0,0,0,0,0,0,0,0,0,0,0,0,0,0,0,0,0,0,0,0,0,0,0,0,0,0,0,0,0,0,0,0,0,0,0,0,0,0,0,0,0,0,0,0,0,0,0,0,0,0,0,0,0,0,0,0,0,0,0,0,0,0,0,0,0,0,0,0,0,0,0,0,0,0,0,0,0,0,0,0,0,0,0,0,0,0,0,0,0,0,0,0,0,0,0,0,0,0,0,0,0,0,0,0,0,0,0,0,0,0,0,0,0,0,0,0,0,0,0,0,0,0,0,0,0,0,0,0,0,0,0,0,0,0,0,0,0,0,0,0,0,0,0,0,0,0,0,0,0,0,0,0,0,0,0,0,0,0,0,0,0,0,0,0,0,0,0,0,0,0,0,0,0,0,0,0,0,0,0,0,0
0,0,0,0,0,0,0,0,0,0,0,0,0,0,0,0,0,0,0,0,0,0,0,0,0,0,0,0,0,0,0,0,0,0,0,0,0,0,0,0,0,0,0,0,0,0,0,0,0,0,0,0,0,0,0,0,0,0,0,0,0,0,0,0,0,0,0,0,0,0,0,0,0,0,0,0,0,0,0,0,0,0,0,0,0,0,0,0,0,0,0,0,0,0,0,0,0,0,0,0,0,0,0,0,0,0,0,0,0,0,0,0,0,0,0,0,0,0,0,0,0,0,0,0,0,0,0,0,0,0,0,0,0,0,0,0,0,0,0,0,0,0,0,0,0,0,0,0,0,0,0,0,0,0,0,0,0,0,0,0,0,0,0,0,0,0,0,0,0,0,0,0,0,0,0,0,0,0,0,0,0,0,0,0,0,0,0,0,0,0,0,0,0,0,0,0,0,0
0,0,0,0,0,0,0,0,0,0,0,0,0,0,0,0,0,0,0,0,0,0,0,0,0,0,0,0,0,0,0,0,0,0,0,0,0,0,0,0,0,0,0,0,0,0,0,0,0,0,0,0,0,0,0,0,0,0,0,0,0,0,0,0,0,0,0,0,0,0,0,0,0,0,0,0,0,0,0,0,0,0,0,0,0,0,0,0,0,0,0,0,0,0,0,0,0,0,0,0,0,0,0,0,0,0,0,0,0,0,0,0,0,0,0,0,0,0,0,0,0,0,0,0,0,0,0,0,0,0,0,0,0,0,0,0,0,0,0,0,0,0,0,0,0,0,0,0,0,0,0,0,0,0,0,0,0,0,0,0,0,0,0,0,0,0,0,0,0,0,0,0,0,0,0,0,0,0,0,0,0,0,0,0,0,0,0,0,0,0,0,0,0,0,0,0,0,0
0,0,0,0,0,0,0,0,0,0,0,0,0,0,0,0,0,0,0,0,0,0,0,0,0,0,0,0,0,0,0,0,0,0,0,0,0,0,0,0,0,0,0,0,0,0,0,0,0,0,0,0,0,0,0,0,0,0,0,0,0,0,0,0,0,0,0,0,0,0,0,0,0,0,0,0,0,0,0,0,0,0,0,0,0,0,0,0,0,0,0,0,0,0,0,0,0,0,0,0,0,0,0,0,0,0,0,0,0,0,0,0,0,0,0,0,0,0,0,0,0,0,0,0,0,0,0,0,0,0,0,0,0,0,0,0,0,0,0,0,0,0,0,0,0,0,0,0,0,0,0,0,0,0,0,0,0,0,0,0,0,0,0,0,0,0,0,0,0,0,0,0,0,0,0,0,0,0,0,0,0,0,0,0,0,0,0,0,0,0,0,0,0,0,0,0,0,0
0,0,0,0,0,0,0,0,0,0,0,0,0,0,0,0,0,0,0,0,0,0,0,0,0,0,0,0,0,0,0,0,0,0,0,0,0,0,0,0,0,0,0,0,0,0,0,0,0,0,0,0,0,0,0,0,0,0,0,0,0,0,0,0,0,0,0,0,0,0,0,0,0,0,0,0,0,0,0,0,0,0,0,0,0,0,0,0,0,0,0,0,0,0,0,0,0,0,0,0,0,0,0,0,0,0,0,0,0,0,0,0,0,0,0,0,0,0,0,0,0,0,0,0,0,0,0,0,0,0,0,0,0,0,0,0,0,0,0,0,0,0,0,0,0,0,0,0,0,0,0,0,0,0,0,0,0,0,0,0,0,0,0,0,0,0,0,0,0,0,0,0,0,0,0,0,0,0,0,0,0,0,0,0,0,0,0,0,0,0,0,0,0,0,0,0,0,0
0,0,0,0,0,0,0,0,0,0,0,0,0,0,0,0,0,0,0,0,0,0,0,0,0,0,0,0,0,0,0,0,0,0,0,0,0,0,0,0,0,0,0,0,0,0,0,0,0,0,0,0,0,0,0,0,0,0,0,0,0,0,0,0,0,0,0,0,0,0,0,0,0,0,0,0,0,0,0,0,0,0,0,0,0,0,0,0,0,0,0,0,0,0,0,0,0,0,0,0,0,0,0,0,0,0,0,0,0,0,0,0,0,0,0,0,0,0,0,0,0,0,0,0,0,0,0,0,0,0,0,0,0,0,0,0,0,0,0,0,0,0,0,0,0,0,0,0,0,0,0,0,0,0,0,0,0,0,0,0,0,0,0,0,0,0,0,0,0,0,0,0,0,0,0,0,0,0,0,0,0,0,0,0,0,0,0,0,0,0,0,0,0,0,0,0,0,0
0,0,0,0,0,0,0,0,0,0,0,0,0,0,0,0,0,0,0,0,0,0,0,0,0,0,0,0,0,0,0,0,0,0,0,0,0,0,0,0,0,0,0,0,0,0,0,0,0,0,0,0,0,0,0,0,0,0,0,0,0,0,0,0,0,0,0,0,0,0,0,0,0,0,0,0,0,0,0,0,0,0,0,0,0,0,0,0,0,0,0,0,0,0,0,0,0,0,0,0,0,0,0,0,0,0,0,0,0,0,0,0,0,0,0,0,0,0,0,0,0,0,0,0,0,0,0,0,0,0,0,0,0,0,0,0,0,0,0,0,0,0,0,0,0,0,0,0,0,0,0,0,0,0,0,0,0,0,0,0,0,0,0,0,0,0,0,0,0,0,0,0,0,0,0,0,0,0,0,0,0,0,0,0,0,0,0,0,0,0,0,0,0,0,0,0,0,0
0,0,0,0,0,0,0,0,0,0,0,0,0,0,0,0,0,0,0,0,0,0,0,0,0,0,0,0,0,0,0,0,0,0,0,0,0,0,0,0,0,0,0,0,0,0,0,0,0,0,0,0,0,0,0,0,0,0,0,0,0,0,0,0,0,0,0,0,0,0,0,0,0,0,0,0,0,0,0,0,0,0,0,0,0,0,0,0,0,0,0,0,0,0,0,0,0,0,0,0,0,0,0,0,0,0,0,0,0,0,0,0,0,0,0,0,0,0,0,0,0,0,0,0,0,0,0,0,0,0,0,0,0,0,0,0,0,0,0,0,0,0,0,0,0,0,0,0,0,0,0,0,0,0,0,0,0,0,0,0,0,0,0,0,0,0,0,0,0,0,0,0,0,0,0,0,0,0,0,0,0,0,0,0,0,0,0,0,0,0,0,0,0,0,0,0,0,0
0,0,0,0,0,0,0,0,0,0,0,0,0,0,0,0,0,0,0,0,0,0,0,0,0,0,0,0,0,0,0,0,0,0,0,0,0,0,0,0,0,0,0,0,0,0,0,0,0,0,0,0,0,0,0,0,0,0,0,0,0,0,0,0,0,0,0,0,0,0,0,0,0,0,0,0,0,0,0,0,0,0,0,0,0,0,0,0,0,0,0,0,0,0,0,0,0,0,0,0,0,0,0,0,0,0,0,0,0,0,0,0,0,0,0,0,0,0,0,0,0,0,0,0,0,0,0,0,0,0,0,0,0,0,0,0,0,0,0,0,0,0,0,0,0,0,0,0,0,0,0,0,0,0,0,0,0,0,0,0,0,0,0,0,0,0,0,0,0,0,0,0,0,0,0,0,0,0,0,0,0,0,0,0,0,0,0,0,0,0,0,0,0,0,0,0,0,0
0,0,0,0,0,0,0,0,0,0,0,0,0,0,0,0,0,0,0,0,0,0,0,0,0,0,0,0,0,0,0,0,0,0,0,0,0,0,0,0,0,0,0,0,0,0,0,0,0,0,0,0,0,0,0,0,0,0,0,0,0,0,0,0,0,0,0,0,0,0,0,0,0,0,0,0,0,0,0,0,0,0,0,0,0,0,0,0,0,0,0,0,0,0,0,0,0,0,0,0,0,0,0,0,0,0,0,0,0,0,0,0,0,0,0,0,0,0,0,0,0,0,0,0,0,0,0,0,0,0,0,0,0,0,0,0,0,0,0,0,0,0,0,0,0,0,0,0,0,0,0,0,0,0,0,0,0,0,0,0,0,0,0,0,0,0,0,0,0,0,0,0,0,0,0,0,0,0,0,0,0,0,0,0,0,0,0,0,0,0,0,0,0,0,0,0,0,0
0,0,0,0,0,0,0,0,0,0,0,0,0,0,0,0,0.4691534,0.4691534,0.4691534,0.4691534,0.4691534,0.4691534,0.4691534,0.4691534,0.4691534,0.4691534,0.4691534,0.4691534,0.4691534,0.4691534,0.4691534,0.4691534,0.4691534,0.4691534,0.4691534,0.4691534,0.4691534,0.4691534,0.4691534,0.4691534,0.4691534,0.4691534,0.4691534,0.4691534,0.4691534,0.4691534,0.4691534,0.4691534,0.4691534,0.4691534,0.4691534,0.4691534,0.4691534,0.4691534,0.4691534,0.4691534,0.4691534,0.4691534,0.4691534,0.4691534,0.4691534,0.4691534,0.4691534,0.4691534,0.4691534,0.4691534,0.4691534,0.4691534,0.4691534,0.4691534,0.4691534,0.4691534,0.4691534,0.4691534,0.4691534,0.4691534,0.4691534,0.4691534,0.4691534,0.4691534,0.4691534,0.4691534,0.4691534,0.4691534,0.4691534,0.4691534,0.4691534,0.4691534,0.4691534,0.4691534,0.4691534,0.4691534,0.4691534,0.4691534,0.4691534,0.4691534,0.4691534,0.4691534,0.4691534,0.4691534,0.4691534,0.4691534,0.4691534,0.4691534,0.4691534,0.4691534,0.4691534,0.4691534,0.4691534,0.4691534,0.4691534,0.4691534,0.4691534,0.4691534,0.4691534,0.4691534,0.4691534,0.4691534,0.4691534,0.4691534,0.4691534,0.4691534,0.4691534,0.4691534,0.4691534,0.4691534,0.4691534,0.4691534,0.4691534,0.4691534,0.4691534,0.4691534,0.4691534,0.4691534,0.4691534,0.4691534,0.4691534,0.4691534,0.4691534,0.4691534,0.4691534,0.4691534,0.4691534,0.4691534,0.4691534,0.4691534,0.4691534,0.4691534,0.4691534,0.4691534,0.4691534,0.4691534,0.4691534,0.4691534,0.4691534,0.4691534,0.4691534,0.4691534,0.4691534,0.4691534,0.4691534,0.4691534,0.4691534,0.4691534,0.4691534,0.4691534,0.4691534,0.4691534,0.4691534,0.4691534,0.4691534,0.4691534,0.4691534,0.4691534,0.4691534,0.4691534,0.4691534,0.4691534,0.4691534,0.4691534,0.4691534,0.4691534,0.4691534,0.4691534,0.4691534,0.4691534,0.4691534,0.4691534,0.4691534,0.4691534,0.4691534,0.4691534,0.4691534,0.4691534,0.4691534,0.4691534,0.4691534,0
0,0.4691534,0.4691534,0.4691534,0.4691534,0.4691534,0.4691534,0.4691534,0.4691534,0.4691534,0.4691534,0.4691534,0.4691534,0.4691534,0.4691534,0.4691534,0.4691534,0.4691534,0.4691534,0.4691534,0.4691534,0.4691534,0.4691534,0.4691534,0.4691534,0.4691534,0.4691534,0.4691534,0.4691534,0.4691534,0.4691534,0.4691534,0.4691534,0.4691534,0.4691534,0.4691534,0.4691534,0.4691534,0.4691534,0.4691534,0.4691534,0.4691534,0.4691534,0.4691534,0.4691534,0.4691534,0.4691534,0.4691534,0.4691534,0.4691534,0.4691534,0.4691534,0.4691534,0.4691534,0.4691534,0.4691534,0.4691534,0.4691534,0.4691534,0.4691534,0.4691534,0.4691534,0.4691534,0.4691534,0.4691534,0.4691534,0.4691534,0.4691534,0.4691534,0.4691534,0.4691534,0.4691534,0.4691534,0.4691534,0.4691534,0.4691534,0.4691534,0.4691534,0.4691534,0.4691534,0.4691534,0.4691534,0.4691534,0.4691534,0.4691534,0.4691534,0.4691534,0.4691534,0.4691534,0.4691534,0.4691534,0.4691534,0.4691534,0.4691534,0.4691534,0.4691534,0.4691534,0.4691534,0.4691534,0.4691534,0.4691534,0.4691534,0.4691534,0.4691534,0.4691534,0.4691534,0.4691534,0.4691534,0.4691534,0.4691534,0.4691534,0.4691534,0.4691534,0.4691534,0.4691534,0.4691534,0.4691534,0.4691534,0.4691534,0.4691534,0.4691534,0.4691534,0.4691534,0.4691534,0.4691534,0.4691534,0.4691534,0.4691534,0.4691534,0.4691534,0.4691534,0.4691534,0.4691534,0.4691534,0.4691534,0.4691534,0.4691534,0.4691534,0.4691534,0.4691534,0.4691534,0.4691534,0.4691534,0.4691534,0.4691534,0.4691534,0.4691534,0.4691534,0.4691534,0.4691534,0.4691534,0.4691534,0.4691534,0.4691534,0.4691534,0.4691534,0.4691534,0.4691534,0.4691534,0.4691534,0.4691534,0.4691534,0.4691534,0.4691534,0.4691534,0.4691534,0.4691534,0.4691534,0.4691534,0.4691534,0.4691534,0.4691534,0.4691534,0.4691534,0.4691534,0.4691534,0.4691534,0.4691534,0.4691534,0.4691534,0.4691534,0.4691534,0.4691534,0.4691534,0.4691534,0.4691534,0.4691534,0.4691534,0.4691534,0.4691534,0.4691534,0.4691534,0.4691534,0.4691534,0.4691534,0.4691534,0.4691534,0
0,0.4691534,0.4691534,0.4691534,0.4691534,0.4691534,0.4691534,0.4691534,0.4691534,0.4691534,0.4691534,0.4691534,0.4691534,0.4691534,0.4691534,0.4691534,0.4691534,0.4691534,0.4691534,0.4691534,0.4691534,0.4691534,0.4691534,0.4691534,0.4691534,0.4691534,0.4691534,0.4691534,0.4691534,0.4691534,0.4691534,0.4691534,0.4691534,0.4691534,0.4691534,0.4691534,0.4691534,0.4691534,0.4691534,0.4691534,0.4691534,0.4691534,0.4691534,0.4691534,0.4691534,0.4691534,0.4691534,0.4691534,0.4691534,0.4691534,0.4691534,0.4691534,0.4691534,0.4691534,0.4691534,0.4691534,0.4691534,0.4691534,0.4691534,0.4691534,0.4691534,0.4691534,0.4691534,0.4691534,0.4691534,0.4691534,0.4691534,0.4691534,0.4691534,0.4691534,0.4691534,0.4691534,0.4691534,0.4691534,0.4691534,0.4691534,0.4691534,0.4691534,0.4691534,0.4691534,0.4691534,0.4691534,0.4691534,0.4691534,0.4691534,0.4691534,0.4691534,0.4691534,0.4691534,0.4691534,0.4691534,0.4691534,0.4691534,0.4691534,0.4691534,0.4691534,0.4691534,0.4691534,0.4691534,0.4691534,0.4691534,0.4691534,0.4691534,0.4691534,0.4691534,0.4691534,0.4691534,0.4691534,0.4691534,0.4691534,0.4691534,0.4691534,0.4691534,0.4691534,0.4691534,0.4691534,0.4691534,0.4691534,0.4691534,0.4691534,0.4691534,0.4691534,0.4691534,0.4691534,0.4691534,0.4691534,0.4691534,0.4691534,0.4691534,0.4691534,0.4691534,0.4691534,0.4691534,0.4691534,0.4691534,0.4691534,0.4691534,0.4691534,0.4691534,0.4691534,0.4691534,0.4691534,0.4691534,0.4691534,0.4691534,0.4691534,0.4691534,0.4691534,0.4691534,0.4691534,0.4691534,0.4691534,0.4691534,0.4691534,0.4691534,0.4691534,0.4691534,0.4691534,0.4691534,0.4691534,0.4691534,0.4691534,0.4691534,0.4691534,0.4691534,0.4691534,0.4691534,0.4691534,0.4691534,0.4691534,0.4691534,0.4691534,0.4691534,0.4691534,0.4691534,0.4691534,0.4691534,0.4691534,0.4691534,0.4691534,0.4691534,0.4691534,0.4691534,0.4691534,0.4691534,0.4691534,0.4691534,0.4691534,0.4691534,0.4691534,0.4691534,0.4691534,0.4691534,0.4691534,0.4691534,0.4691534,0.4691534,0
0,0.4691534,0.4691534,0.4691534,0.4691534,0.4691534,0.4691534,0.4691534,0.4691534,0.4691534,0.4691534,0.4691534,0.4691534,0.4691534,0.4691534,0.4691534,0.4691534,0.4691534,0.4691534,0.4691534,0.4691534,0.4691534,0.4691534,0.4691534,0.4691534,0.4691534,0.4691534,0.4691534,0.4691534,0.4691534,0.4691534,0.4691534,0.4691534,0.4691534,0.4691534,0.4691534,0.4691534,0.4691534,0.4691534,0.4691534,0.4691534,0.4691534,0.4691534,0.4691534,0.4691534,0.4691534,0.4691534,0.4691534,0.4691534,0.4691534,0.4691534,0.4691534,0.4691534,0.4691534,0.4691534,0.4691534,0.4691534,0.4691534,0.4691534,0.4691534,0.4691534,0.4691534,0.4691534,0.4691534,0.4691534,0.4691534,0.4691534,0.4691534,0.4691534,0.4691534,0.4691534,0.4691534,0.4691534,0.4691534,0.4691534,0.4691534,0.4691534,0.4691534,0.4691534,0.4691534,0.4691534,0.4691534,0.4691534,0.4691534,0.4691534,0.4691534,0.4691534,0.4691534,0.4691534,0.4691534,0.4691534,0.4691534,0.4691534,0.4691534,0.4691534,0.4691534,0.4691534,0.4691534,0.4691534,0.4691534,0.4691534,0.4691534,0.4691534,0.4691534,0.4691534,0.4691534,0.4691534,0.4691534,0.4691534,0.4691534,0.4691534,0.4691534,0.4691534,0.4691534,0.4691534,0.4691534,0.4691534,0.4691534,0.4691534,0.4691534,0.4691534,0.4691534,0.4691534,0.4691534,0.4691534,0.4691534,0.4691534,0.4691534,0.4691534,0.4691534,0.4691534,0.4691534,0.4691534,0.4691534,0.4691534,0.4691534,0.4691534,0.4691534,0.4691534,0.4691534,0.4691534,0.4691534,0.4691534,0.4691534,0.4691534,0.4691534,0.4691534,0.4691534,0.4691534,0.4691534,0.4691534,0.4691534,0.4691534,0.4691534,0.4691534,0.4691534,0.4691534,0.4691534,0.4691534,0.4691534,0.4691534,0.4691534,0.4691534,0.4691534,0.4691534,0.4691534,0.4691534,0.4691534,0.4691534,0.4691534,0.4691534,0.4691534,0.4691534,0.4691534,0.4691534,0.4691534,0.4691534,0.4691534,0.4691534,0.4691534,0.4691534,0.4691534,0.4691534,0.4691534,0.4691534,0.4691534,0.4691534,0.4691534,0.4691534,0.4691534,0.4691534,0.4691534,0.4691534,0.4691534,0.4691534,0.4691534,0.4691534,0
0,0.4691534,0.4691534,0.4691534,0.4691534,0.4691534,0.4691534,0.4691534,0.4691534,0.4691534,0.4691534,0.4691534,0.4691534,0.4691534,0.4691534,0.4691534,0.4691534,0.4691534,0.4691534,0.4691534,0.4691534,0.4691534,0.4691534,0.4691534,0.4691534,0.4691534,0.4691534,0.4691534,0.4691534,0.4691534,0.4691534,0.4691534,0.4691534,0.4691534,0.4691534,0.4691534,0.4691534,0.4691534,0.4691534,0.4691534,0.4691534,0.4691534,0.4691534,0.4691534,0.4691534,0.4691534,0.4691534,0.4691534,0.4691534,0.4691534,0.4691534,0.4691534,0.4691534,0.4691534,0.4691534,0.4691534,0.4691534,0.4691534,0.4691534,0.4691534,0.4691534,0.4691534,0.4691534,0.4691534,0.4691534,0.4691534,0.4691534,0.4691534,0.4691534,0.4691534,0.4691534,0.4691534,0.4691534,0.4691534,0.4691534,0.4691534,0.4691534,0.4691534,0.4691534,0.4691534,0.4691534,0.4691534,0.4691534,0.4691534,0.4691534,0.4691534,0.4691534,0.4691534,0.4691534,0.4691534,0.4691534,0.4691534,0.4691534,0.4691534,0.4691534,0.4691534,0.4691534,0.4691534,0.4691534,0.4691534,0.4691534,0.4691534,0.4691534,0.4691534,0.4691534,0.4691534,0.4691534,0.4691534,0.4691534,0.4691534,0.4691534,0.4691534,0.4691534,0.4691534,0.4691534,0.4691534,0.4691534,0.4691534,0.4691534,0.4691534,0.4691534,0.4691534,0.4691534,0.4691534,0.4691534,0.4691534,0.4691534,0.4691534,0.4691534,0.4691534,0.4691534,0.4691534,0.4691534,0.4691534,0.4691534,0.4691534,0.4691534,0.4691534,0.4691534,0.4691534,0.4691534,0.4691534,0.4691534,0.4691534,0.4691534,0.4691534,0.4691534,0.4691534,0.4691534,0.4691534,0.4691534,0.4691534,0.4691534,0.4691534,0.4691534,0.4691534,0.4691534,0.4691534,0.4691534,0.4691534,0.4691534,0.4691534,0.4691534,0.4691534,0.4691534,0.4691534,0.4691534,0.4691534,0.4691534,0.4691534,0.4691534,0.4691534,0.4691534,0.4691534,0.4691534,0.4691534,0.4691534,0.4691534,0.4691534,0.4691534,0.4691534,0.4691534,0.4691534,0.4691534,0.4691534,0.4691534,0.4691534,0.4691534,0.4691534,0.4691534,0.4691534,0.4691534,0.4691534,0.4691534,0.4691534,0.4691534,0.4691534,0
0,0.4691534,0.4691534,0.4691534,0.4691534,0.4691534,0.4691534,0.4691534,0.4691534,0.4691534,0.4691534,0.4691534,0.4691534,0.4691534,0.4691534,0.4691534,0.4691534,0.4691534,0.4691534,0.4691534,0.4691534,0.4691534,0.4691534,0.4691534,0.4691534,0.4691534,0.4691534,0.4691534,0.4691534,0.4691534,0.4691534,0.4691534,0.4691534,0.4691534,0.4691534,0.4691534,0.4691534,0.4691534,0.4691534,0.4691534,0.4691534,0.4691534,0.4691534,0.4691534,0.4691534,0.4691534,0.4691534,0.4691534,0.4691534,0.4691534,0.4691534,0.4691534,0.4691534,0.4691534,0.4691534,0.4691534,0.4691534,0.4691534,0.4691534,0.4691534,0.4691534,0.4691534,0.4691534,0.4691534,0.4691534,0.4691534,0.4691534,0.4691534,0.4691534,0.4691534,0.4691534,0.4691534,0.4691534,0.4691534,0.4691534,0.4691534,0.4691534,0.4691534,0.4691534,0.4691534,0.4691534,0.4691534,0.4691534,0.4691534,0.4691534,0.4691534,0.4691534,0.4691534,0.4691534,0.4691534,0.4691534,0.4691534,0.4691534,0.4691534,0.4691534,0.4691534,0.4691534,0.4691534,0.4691534,0.4691534,0.4691534,0.4691534,0.4691534,0.4691534,0.4691534,0.4691534,0.4691534,0.4691534,0.4691534,0.4691534,0.4691534,0.4691534,0.4691534,0.4691534,0.4691534,0.4691534,0.4691534,0.4691534,0.4691534,0.4691534,0.4691534,0.4691534,0.4691534,0.4691534,0.4691534,0.4691534,0.4691534,0.4691534,0.4691534,0.4691534,0.4691534,0.4691534,0.4691534,0.4691534,0.4691534,0.4691534,0.4691534,0.4691534,0.4691534,0.4691534,0.4691534,0.4691534,0.4691534,0.4691534,0.4691534,0.4691534,0.4691534,0.4691534,0.4691534,0.4691534,0.4691534,0.4691534,0.4691534,0.4691534,0.4691534,0.4691534,0.4691534,0.4691534,0.4691534,0.4691534,0.4691534,0.4691534,0.4691534,0.4691534,0.4691534,0.4691534,0.4691534,0.4691534,0.4691534,0.4691534,0.4691534,0.4691534,0.4691534,0.4691534,0.4691534,0.4691534,0.4691534,0.4691534,0.4691534,0.4691534,0.4691534,0.4691534,0.4691534,0.4691534,0.4691534,0.4691534,0.4691534,0.4691534,0.4691534,0.4691534,0.4691534,0.4691534,0.4691534,0.4691534,0.4691534,0.4691534,0.4691534,0
0,0.4691534,0.4691534,0.4691534,0.4691534,0.4691534,0.4691534,0.4691534,0.4691534,0.4691534,0.4691534,0.4691534,0.4691534,0.4691534,0.4691534,0.4691534,0.4691534,0.4691534,0.4691534,0.4691534,0.4691534,0.4691534,0.4691534,0.4691534,0.4691534,0.4691534,0.4691534,0.4691534,0.4691534,0.4691534,0.4691534,0.4691534,0.4691534,0.4691534,0.4691534,0.4691534,0.4691534,0.4691534,0.4691534,0.4691534,0.4691534,0.4691534,0.4691534,0.4691534,0.4691534,0.4691534,0.4691534,0.4691534,0.4691534,0.4691534,0.4691534,0.4691534,0.4691534,0.4691534,0.4691534,0.4691534,0.4691534,0.4691534,0.4691534,0.4691534,0.4691534,0.4691534,0.4691534,0.4691534,0.4691534,0.4691534,0.4691534,0.4691534,0.4691534,0.4691534,0.4691534,0.4691534,0.4691534,0.4691534,0.4691534,0.4691534,0.4691534,0.4691534,0.4691534,0.4691534,0.4691534,0.4691534,0.4691534,0.4691534,0.4691534,0.4691534,0.4691534,0.4691534,0.4691534,0.4691534,0.4691534,0.4691534,0.4691534,0.4691534,0.4691534,0.4691534,0.4691534,0.4691534,0.4691534,0.4691534,0.4691534,0.4691534,0.4691534,0.4691534,0.4691534,0.4691534,0.4691534,0.4691534,0.4691534,0.4691534,0.4691534,0.4691534,0.4691534,0.4691534,0.4691534,0.4691534,0.4691534,0.4691534,0.4691534,0.4691534,0.4691534,0.4691534,0.4691534,0.4691534,0.4691534,0.4691534,0.4691534,0.4691534,0.4691534,0.4691534,0.4691534,0.4691534,0.4691534,0.4691534,0.4691534,0.4691534,0.4691534,0.4691534,0.4691534,0.4691534,0.4691534,0.4691534,0.4691534,0.4691534,0.4691534,0.4691534,0.4691534,0.4691534,0.4691534,0.4691534,0.4691534,0.4691534,0.4691534,0.4691534,0.4691534,0.4691534,0.4691534,0.4691534,0.4691534,0.4691534,0.4691534,0.4691534,0.4691534,0.4691534,0.4691534,0.4691534,0.4691534,0.4691534,0.4691534,0.4691534,0.4691534,0.4691534,0.4691534,0.4691534,0.4691534,0.4691534,0.4691534,0.4691534,0.4691534,0.4691534,0.4691534,0.4691534,0.4691534,0.4691534,0.4691534,0.4691534,0.4691534,0.4691534,0.4691534,0.4691534,0.4691534,0.4691534,0.4691534,0.4691534,0.4691534,0.4691534,0.4691534,0
0,0.4691534,0.4691534,0.4691534,0.4691534,0.4691534,0.4691534,0.4691534,0.4691534,0.4691534,0.4691534,0.4691534,0.4691534,0.4691534,0.4691534,0.4691534,0.4691534,0.4691534,0.4691534,0.4691534,0.4691534,0.4691534,0.4691534,0.4691534,0.4691534,0.4691534,0.4691534,0.4691534,0.4691534,0.4691534,0.4691534,0.4691534,0.4691534,0.4691534,0.4691534,0.4691534,0.4691534,0.4691534,0.4691534,0.4691534,0.4691534,0.4691534,0.4691534,0.4691534,0.4691534,0.4691534,0.4691534,0.4691534,0.4691534,0.4691534,0.4691534,0.4691534,0.4691534,0.4691534,0.4691534,0.4691534,0.4691534,0.4691534,0.4691534,0.4691534,0.4691534,0.4691534,0.4691534,0.4691534,0.4691534,0.4691534,0.4691534,0.4691534,0.4691534,0.4691534,0.4691534,0.4691534,0.4691534,0.4691534,0.4691534,0.4691534,0.4691534,0.4691534,0.4691534,0.4691534,0.4691534,0.4691534,0.4691534,0.4691534,0.4691534,0.4691534,0.4691534,0.4691534,0.4691534,0.4691534,0.4691534,0.4691534,0.4691534,0.4691534,0.4691534,0.4691534,0.4691534,0.4691534,0.4691534,0.4691534,0.4691534,0.4691534,0.4691534,0.4691534,0.4691534,0.4691534,0.4691534,0.4691534,0.4691534,0.4691534,0.4691534,0.4691534,0.4691534,0.4691534,0.4691534,0.4691534,0.4691534,0.4691534,0.4691534,0.4691534,0.4691534,0.4691534,0.4691534,0.4691534,0.4691534,0.4691534,0.4691534,0.4691534,0.4691534,0.4691534,0.4691534,0.4691534,0.4691534,0.4691534,0.4691534,0.4691534,0.4691534,0.4691534,0.4691534,0.4691534,0.4691534,0.4691534,0.4691534,0.4691534,0.4691534,0.4691534,0.4691534,0.4691534,0.4691534,0.4691534,0.4691534,0.4691534,0.4691534,0.4691534,0.4691534,0.4691534,0.4691534,0.4691534,0.4691534,0.4691534,0.4691534,0.4691534,0.4691534,0.4691534,0.4691534,0.4691534,0.4691534,0.4691534,0.4691534,0.4691534,0.4691534,0.4691534,0.4691534,0.4691534,0.4691534,0.4691534,0.4691534,0.4691534,0.4691534,0.4691534,0.4691534,0.4691534,0.4691534,0.4691534,0.4691534,0.4691534,0.4691534,0.4691534,0.4691534,0.4691534,0.4691534,0.4691534,0.4691534,0.4691534,0.4691534,0.4691534,0.4691534,0
0,0.4691534,0.4691534,0.4691534,0.4691534,0.4691534,0.4691534,0.4691534,0.4691534,0.4691534,0.4691534,0.4691534,0.4691534,0.4691534,0.4691534,0.4691534,0.4691534,0.4691534,0.4691534,0.4691534,0.4691534,0.4691534,0.4691534,0.4691534,0.4691534,0.4691534,0.4691534,0.4691534,0.4691534,0.4691534,0.4691534,0.4691534,0.4691534,0.4691534,0.4691534,0.4691534,0.4691534,0.4691534,0.4691534,0.4691534,0.4691534,1.4096319,1.4096319,1.4096319,1.4096319,1.4096319,1.4096319,1.4096319,1.4096319,1.4096319,1.4096319,1.4096319,1.4096319,1.4096319,1.4096319,1.4096319,1.4096319,1.4096319,1.4096319,1.4096319,1.4096319,1.4096319,1.4096319,1.4096319,1.4096319,1.4096319,1.4096319,1.4096319,1.4096319,1.4096319,1.4096319,1.4096319,1.4096319,1.4096319,1.4096319,1.4096319,1.4096319,1.4096319,1.4096319,1.4096319,1.4096319,1.4096319,1.4096319,1.4096319,1.4096319,1.4096319,1.4096319,1.4096319,1.4096319,1.4096319,1.4096319,1.4096319,1.4096319,1.4096319,1.4096319,1.4096319,1.4096319,1.4096319,1.4096319,1.4096319,1.4096319,1.4096319,1.4096319,1.4096319,1.4096319,1.4096319,1.4096319,1.4096319,1.4096319,1.4096319,1.4096319,1.4096319,1.4096319,1.4096319,1.4096319,1.4096319,1.4096319,1.4096319,1.4096319,1.4096319,1.4096319,1.4096319,1.4096319,1.4096319,1.4096319,1.4096319,1.4096319,1.4096319,1.4096319,1.4096319,1.4096319,1.4096319,1.4096319,1.4096319,1.4096319,1.4096319,1.4096319,1.4096319,1.4096319,1.4096319,1.4096319,1.4096319,1.4096319,1.4096319,1.4096319,1.4096319,1.4096319,1.4096319,1.4096319,1.4096319,1.4096319,1.4096319,1.4096319,1.4096319,1.4096319,1.4096319,1.4096319,1.4096319,1.4096319,1.4096319,1.4096319,1.4096319,1.4096319,1.4096319,1.4096319,1.4096319,1.4096319,1.4096319,1.4096319,1.4096319,1.4096319,1.4096319,1.4096319,1.4096319,1.4096319,1.4096319,1.4096319,1.4096319,1.4096319,1.4096319,1.4096319,1.4096319,1.4096319,1.4096319,1.4096319,1.4096319,1.4096319,1.4096319,1.4096319,1.4096319,1.4096319,1.4096319,1.4096319,1.4096319,1.4096319,1.4096319,1.4096319,0
0,1.4096319,1.4096319,1.4096319,1.4096319,1.4096319,1.4096319,1.4096319,1.4096319,1.4096319,1.4096319,1.4096319,1.4096319,1.4096319,1.4096319,1.4096319,1.4096319,1.4096319,1.4096319,1.4096319,1.4096319,1.4096319,1.4096319,1.4096319,1.4096319,1.4096319,1.4096319,1.4096319,1.4096319,1.4096319,1.4096319,1.4096319,1.4096319,1.4096319,1.4096319,1.4096319,1.4096319,1.4096319,1.4096319,1.4096319,1.4096319,1.4096319,1.4096319,1.4096319,1.4096319,1.4096319,1.4096319,1.4096319,1.4096319,1.4096319,1.4096319,1.4096319,1.4096319,1.4096319,1.4096319,1.4096319,1.4096319,1.4096319,1.4096319,1.4096319,1.4096319,1.4096319,1.4096319,1.4096319,1.4096319,1.4096319,1.4096319,1.4096319,1.4096319,1.4096319,1.4096319,1.4096319,1.4096319,1.4096319,1.4096319,1.4096319,1.4096319,1.4096319,1.4096319,1.4096319,1.4096319,1.4096319,1.4096319,1.4096319,1.4096319,1.4096319,1.4096319,1.4096319,1.4096319,1.4096319,1.4096319,1.4096319,1.4096319,1.4096319,1.4096319,1.4096319,1.4096319,1.4096319,1.4096319,1.4096319,1.4096319,1.4096319,1.4096319,1.4096319,1.4096319,1.4096319,1.4096319,1.4096319,1.4096319,1.4096319,1.4096319,1.4096319,1.4096319,1.4096319,1.4096319,1.4096319,1.4096319,1.4096319,1.4096319,1.4096319,1.4096319,1.4096319,1.4096319,1.4096319,1.4096319,1.4096319,1.4096319,1.4096319,1.4096319,1.4096319,1.4096319,1.4096319,1.4096319,1.4096319,1.4096319,1.4096319,1.4096319,1.4096319,1.4096319,1.4096319,1.4096319,1.4096319,1.4096319,1.4096319,1.4096319,1.4096319,1.4096319,1.4096319,1.4096319,1.4096319,1.4096319,1.4096319,1.4096319,1.4096319,1.4096319,1.4096319,1.4096319,1.4096319,1.4096319,1.4096319,1.4096319,1.4096319,1.4096319,1.4096319,1.4096319,1.4096319,1.4096319,1.4096319,1.4096319,1.4096319,1.4096319,1.4096319,1.4096319,1.4096319,1.4096319,1.4096319,1.4096319,1.4096319,1.4096319,1.4096319,1.4096319,1.4096319,1.4096319,1.4096319,1.4096319,1.4096319,1.4096319,1.4096319,1.4096319,1.4096319,1.4096319,1.4096319,1.4096319,1.4096319,1.4096319,1.4096319,1.4096319,0
0,1.4096319,1.4096319,1.4096319,1.4096319,1.4096319,1.4096319,1.4096319,1.4096319,1.4096319,1.4096319,1.4096319,1.4096319,1.4096319,1.4096319,1.4096319,1.4096319,1.4096319,1.4096319,1.4096319,1.4096319,1.4096319,1.4096319,1.4096319,1.4096319,1.4096319,1.4096319,1.4096319,1.4096319,1.4096319,1.4096319,1.4096319,1.4096319,1.4096319,1.4096319,1.4096319,1.4096319,1.4096319,1.4096319,1.4096319,1.4096319,1.4096319,1.4096319,1.4096319,1.4096319,1.4096319,1.4096319,1.4096319,1.4096319,1.4096319,1.4096319,1.4096319,1.4096319,1.4096319,1.4096319,1.4096319,1.4096319,1.4096319,1.4096319,1.4096319,1.4096319,1.4096319,1.4096319,1.4096319,1.4096319,1.4096319,1.4096319,1.4096319,1.4096319,1.4096319,1.4096319,1.4096319,1.4096319,1.4096319,1.4096319,1.4096319,1.4096319,1.4096319,1.4096319,1.4096319,1.4096319,1.4096319,1.4096319,1.4096319,1.4096319,1.4096319,1.4096319,1.4096319,1.4096319,1.4096319,1.4096319,1.4096319,1.4096319,1.4096319,1.4096319,1.4096319,1.4096319,1.4096319,1.4096319,1.4096319,1.4096319,1.4096319,1.4096319,1.4096319,1.4096319,1.4096319,1.4096319,1.4096319,1.4096319,1.4096319,1.4096319,1.4096319,1.4096319,1.4096319,1.4096319,1.4096319,1.4096319,1.4096319,1.4096319,1.4096319,1.4096319,1.4096319,1.4096319,1.4096319,1.4096319,1.4096319,1.4096319,1.4096319,1.4096319,1.4096319,1.4096319,1.4096319,1.4096319,1.4096319,1.4096319,1.4096319,1.4096319,1.4096319,1.4096319,1.4096319,1.4096319,1.4096319,1.4096319,1.4096319,1.4096319,1.4096319,1.4096319,1.4096319,1.4096319,1.4096319,1.4096319,1.4096319,1.4096319,1.4096319,1.4096319,1.4096319,1.4096319,1.4096319,1.4096319,1.4096319,1.4096319,1.4096319,1.4096319,1.4096319,1.4096319,1.4096319,1.4096319,1.4096319,1.4096319,1.4096319,1.4096319,1.4096319,1.4096319,1.4096319,1.4096319,1.4096319,1.4096319,1.4096319,1.4096319,1.4096319,1.4096319,1.4096319,1.4096319,1.4096319,1.4096319,1.4096319,1.4096319,1.4096319,1.4096319,1.4096319,1.4096319,1.4096319,1.4096319,1.4096319,1.4096319,1.4096319,1.4096319,0
0,1.4096319,1.4096319,1.4096319,1.4096319,1.4096319,1.4096319,1.4096319,1.4096319,1.4096319,1.4096319,1.4096319,1.4096319,1.4096319,1.4096319,1.4096319,1.4096319,1.4096319,1.4096319,1.4096319,1.4096319,1.4096319,1.4096319,1.4096319,1.4096319,1.4096319,1.4096319,1.4096319,1.4096319,1.4096319,1.4096319,1.4096319,1.4096319,1.4096319,1.4096319,1.4096319,1.4096319,1.4096319,1.4096319,1.4096319,1.4096319,1.4096319,1.4096319,1.4096319,1.4096319,1.4096319,1.4096319,1.4096319,1.4096319,1.4096319,1.4096319,1.4096319,1.4096319,1.4096319,1.4096319,1.4096319,1.4096319,1.4096319,1.4096319,1.4096319,1.4096319,1.4096319,1.4096319,1.4096319,1.4096319,1.4096319,1.4096319,1.4096319,1.4096319,1.4096319,1.4096319,1.4096319,1.4096319,1.4096319,1.4096319,1.4096319,1.4096319,1.4096319,1.4096319,1.4096319,1.4096319,1.4096319,1.4096319,1.4096319,1.4096319,1.4096319,1.4096319,1.4096319,1.4096319,1.4096319,1.4096319,1.4096319,1.4096319,1.4096319,1.4096319,1.4096319,1.4096319,1.4096319,1.4096319,1.4096319,1.4096319,1.4096319,1.4096319,1.4096319,1.4096319,1.4096319,1.4096319,1.4096319,1.4096319,1.4096319,1.4096319,1.4096319,1.4096319,1.4096319,1.4096319,1.4096319,1.4096319,1.4096319,1.4096319,1.4096319,1.4096319,1.4096319,1.4096319,1.4096319,1.4096319,1.4096319,1.4096319,1.4096319,1.4096319,1.4096319,1.4096319,1.4096319,1.4096319,1.4096319,1.4096319,1.4096319,1.4096319,1.4096319,1.4096319,1.4096319,1.4096319,1.4096319,1.4096319,1.4096319,1.4096319,1.4096319,1.4096319,1.4096319,1.4096319,1.4096319,1.4096319,1.4096319,1.4096319,1.4096319,1.4096319,1.4096319,1.4096319,1.4096319,1.4096319,1.4096319,1.4096319,1.4096319,1.4096319,1.4096319,1.4096319,1.4096319,1.4096319,1.4096319,1.4096319,1.4096319,1.4096319,1.4096319,1.4096319,1.4096319,1.4096319,1.4096319,1.4096319,1.4096319,1.4096319,1.4096319,1.4096319,1.4096319,1.4096319,1.4096319,1.4096319,1.4096319,1.4096319,1.4096319,1.4096319,1.4096319,1.4096319,1.4096319,1.4096319,1.4096319,1.4096319,1.4096319,1.4096319,0
0,1.4096319,1.4096319,1.4096319,1.4096319,1.4096319,1.4096319,1.4096319,1.4096319,1.4096319,1.4096319,1.4096319,1.4096319,1.4096319,1.4096319,1.4096319,1.4096319,1.4096319,1.4096319,1.4096319,1.4096319,1.4096319,1.4096319,1.4096319,1.4096319,1.4096319,1.4096319,1.4096319,1.4096319,1.4096319,1.4096319,1.4096319,1.4096319,1.4096319,1.4096319,1.4096319,1.4096319,1.4096319,1.4096319,1.4096319,1.4096319,1.4096319,1.4096319,1.4096319,1.4096319,1.4096319,1.4096319,1.4096319,1.4096319,1.4096319,1.4096319,1.4096319,1.4096319,1.4096319,1.4096319,1.4096319,1.4096319,1.4096319,1.4096319,1.4096319,1.4096319,1.4096319,1.4096319,1.4096319,1.4096319,1.4096319,1.4096319,1.4096319,1.4096319,1.4096319,1.4096319,1.4096319,1.4096319,1.4096319,1.4096319,1.4096319,1.4096319,1.4096319,1.4096319,1.4096319,1.4096319,1.4096319,1.4096319,1.4096319,1.4096319,1.4096319,1.4096319,1.4096319,1.4096319,1.4096319,1.4096319,1.4096319,1.4096319,1.4096319,1.4096319,1.4096319,1.4096319,1.4096319,1.4096319,1.4096319,1.4096319,1.4096319,1.4096319,1.4096319,1.4096319,1.4096319,1.4096319,1.4096319,1.4096319,1.4096319,1.4096319,1.4096319,1.4096319,1.4096319,1.4096319,1.4096319,1.4096319,1.4096319,1.4096319,1.4096319,1.4096319,1.4096319,1.4096319,1.4096319,1.4096319,1.4096319,1.4096319,1.4096319,1.4096319,1.4096319,1.4096319,1.4096319,1.4096319,1.4096319,1.4096319,1.4096319,1.4096319,1.4096319,1.4096319,1.4096319,1.4096319,1.4096319,1.4096319,1.4096319,1.4096319,1.4096319,1.4096319,1.4096319,1.4096319,1.4096319,1.4096319,1.4096319,1.4096319,1.4096319,1.4096319,1.4096319,1.4096319,1.4096319,1.4096319,1.4096319,1.4096319,1.4096319,1.4096319,1.4096319,1.4096319,1.4096319,1.4096319,1.4096319,1.4096319,1.4096319,1.4096319,1.4096319,1.4096319,1.4096319,1.4096319,1.4096319,1.4096319,1.4096319,1.4096319,1.4096319,1.4096319,1.4096319,1.4096319,1.4096319,1.4096319,1.4096319,1.4096319,1.4096319,1.4096319,1.4096319,1.4096319,1.4096319,1.4096319,1.4096319,1.4096319,1.4096319,1.4096319,0
0,1.4096319,1.4096319,1.4096319,1.4096319,1.4096319,1.4096319,1.4096319,1.4096319,1.4096319,1.4096319,1.4096319,1.4096319,1.4096319,1.4096319,1.4096319,1.4096319,1.4096319,1.4096319,1.4096319,1.4096319,1.4096319,1.4096319,1.4096319,1.4096319,1.4096319,1.4096319,1.4096319,1.4096319,1.4096319,1.4096319,1.4096319,1.4096319,1.4096319,1.4096319,1.4096319,1.4096319,1.4096319,1.4096319,1.4096319,1.4096319,1.4096319,1.4096319,1.4096319,1.4096319,1.4096319,1.4096319,1.4096319,1.4096319,1.4096319,1.4096319,1.4096319,1.4096319,1.4096319,1.4096319,1.4096319,1.4096319,1.4096319,1.4096319,1.4096319,1.4096319,1.4096319,1.4096319,1.4096319,1.4096319,1.4096319,1.4096319,1.4096319,1.4096319,1.4096319,1.4096319,1.4096319,1.4096319,1.4096319,1.4096319,1.4096319,1.4096319,1.4096319,1.4096319,1.4096319,1.4096319,1.4096319,1.4096319,1.4096319,1.4096319,1.4096319,1.4096319,1.4096319,1.4096319,1.4096319,1.4096319,1.4096319,1.4096319,1.4096319,1.4096319,1.4096319,1.4096319,1.4096319,1.4096319,1.4096319,1.4096319,1.4096319,1.4096319,1.4096319,1.4096319,1.4096319,1.4096319,1.4096319,1.4096319,1.4096319,1.4096319,1.4096319,1.4096319,1.4096319,1.4096319,1.4096319,1.4096319,1.4096319,1.4096319,1.4096319,1.4096319,1.4096319,1.4096319,1.4096319,1.4096319,1.4096319,1.4096319,1.4096319,1.4096319,1.4096319,1.4096319,1.4096319,1.4096319,1.4096319,1.4096319,1.4096319,1.4096319,1.4096319,1.4096319,1.4096319,1.4096319,1.4096319,1.4096319,1.4096319,1.4096319,1.4096319,1.4096319,1.4096319,1.4096319,1.4096319,1.4096319,1.4096319,1.4096319,1.4096319,1.4096319,1.4096319,1.4096319,1.4096319,1.4096319,1.4096319,1.4096319,1.4096319,1.4096319,1.4096319,1.4096319,1.4096319,1.4096319,1.4096319,1.4096319,1.4096319,1.4096319,1.4096319,1.4096319,1.4096319,1.4096319,1.4096319,1.4096319,1.4096319,1.4096319,1.4096319,1.4096319,1.4096319,1.4096319,1.4096319,1.4096319,1.4096319,1.4096319,1.4096319,1.4096319,1.4096319,1.4096319,1.4096319,1.4096319,1.4096319,1.4096319,1.4096319,1.4096319,0
0,1.4096319,1.4096319,1.4096319,1.4096319,1.4096319,1.4096319,1.4096319,1.4096319,1.4096319,1.4096319,1.4096319,1.4096319,1.4096319,1.4096319,1.4096319,1.4096319,1.4096319,1.4096319,1.4096319,1.4096319,1.4096319,1.4096319,1.4096319,1.4096319,1.4096319,1.4096319,1.4096319,1.4096319,1.4096319,1.4096319,1.4096319,1.4096319,1.4096319,1.4096319,1.4096319,1.4096319,1.4096319,1.4096319,1.4096319,1.4096319,1.4096319,1.4096319,1.4096319,1.4096319,1.4096319,1.4096319,1.4096319,1.4096319,1.4096319,1.4096319,1.4096319,1.4096319,1.4096319,1.4096319,1.4096319,1.4096319,1.4096319,1.4096319,1.4096319,1.4096319,1.4096319,1.4096319,1.4096319,1.4096319,1.4096319,1.4096319,1.4096319,1.4096319,1.4096319,1.4096319,1.4096319,1.4096319,1.4096319,1.4096319,1.4096319,1.4096319,1.4096319,1.4096319,1.4096319,1.4096319,1.4096319,1.4096319,1.4096319,1.4096319,1.4096319,1.4096319,1.4096319,1.4096319,1.4096319,1.4096319,1.4096319,1.4096319,1.4096319,1.4096319,1.4096319,1.4096319,1.4096319,1.4096319,1.4096319,1.4096319,1.4096319,1.4096319,1.4096319,1.4096319,1.4096319,1.4096319,1.4096319,1.4096319,1.4096319,1.4096319,1.4096319,1.4096319,1.4096319,1.4096319,1.4096319,1.4096319,1.4096319,1.4096319,1.4096319,1.4096319,1.4096319,1.4096319,1.4096319,1.4096319,1.4096319,1.4096319,1.4096319,1.4096319,1.4096319,1.4096319,1.4096319,1.4096319,1.4096319,1.4096319,1.4096319,1.4096319,1.4096319,1.4096319,1.4096319,1.4096319,1.4096319,1.4096319,1.4096319,1.4096319,1.4096319,1.4096319,1.4096319,1.4096319,1.4096319,1.4096319,1.4096319,1.4096319,1.4096319,1.4096319,1.4096319,1.4096319,1.4096319,1.4096319,1.4096319,1.4096319,1.4096319,1.4096319,1.4096319,1.4096319,1.4096319,1.4096319,1.4096319,1.4096319,1.4096319,1.4096319,1.4096319,1.4096319,1.4096319,1.4096319,1.4096319,1.4096319,1.4096319,1.4096319,1.4096319,1.4096319,1.4096319,1.4096319,1.4096319,1.4096319,1.4096319,1.4096319,1.4096319,1.4096319,1.4096319,1.4096319,1.4096319,1.4096319,1.4096319,1.4096319,1.4096319,1.4096319,0
0,1.4096319,1.4096319,1.4096319,1.4096319,1.4096319,1.4096319,1.4096319,1.4096319,1.4096319,1.4096319,1.4096319,1.4096319,1.4096319,1.4096319,1.4096319,1.4096319,1.4096319,1.4096319,1.4096319,1.4096319,1.4096319,1.4096319,1.4096319,1.4096319,1.4096319,1.4096319,1.4096319,1.4096319,1.4096319,1.4096319,1.4096319,1.4096319,1.4096319,1.4096319,1.4096319,1.4096319,1.4096319,1.4096319,1.4096319,1.4096319,1.4096319,1.4096319,1.4096319,1.4096319,1.4096319,1.4096319,1.4096319,1.4096319,1.4096319,1.4096319,1.4096319,1.4096319,1.4096319,1.4096319,1.4096319,1.4096319,1.4096319,1.4096319,1.4096319,1.4096319,1.4096319,1.4096319,1.4096319,1.4096319,1.4096319,1.4096319,1.4096319,1.4096319,1.4096319,1.4096319,1.4096319,1.4096319,1.4096319,1.4096319,1.4096319,1.4096319,1.4096319,1.4096319,1.4096319,1.4096319,1.4096319,1.4096319,1.4096319,1.4096319,1.4096319,1.4096319,1.4096319,1.4096319,1.4096319,1.4096319,1.4096319,1.4096319,1.4096319,1.4096319,1.4096319,1.4096319,1.4096319,1.4096319,1.4096319,1.4096319,1.4096319,1.4096319,1.4096319,1.4096319,1.4096319,1.4096319,1.4096319,1.4096319,1.4096319,1.4096319,1.4096319,1.4096319,1.4096319,1.4096319,1.4096319,1.4096319,1.4096319,1.4096319,1.4096319,1.4096319,1.4096319,1.4096319,1.4096319,1.4096319,1.4096319,1.4096319,1.4096319,1.4096319,1.4096319,1.4096319,1.4096319,1.4096319,1.4096319,1.4096319,1.4096319,1.4096319,1.4096319,1.4096319,1.4096319,1.4096319,1.4096319,1.4096319,1.4096319,1.4096319,1.4096319,1.4096319,1.4096319,1.4096319,1.4096319,1.4096319,1.4096319,1.4096319,1.4096319,1.4096319,1.4096319,1.4096319,1.4096319,1.4096319,1.4096319,1.4096319,1.4096319,1.4096319,1.4096319,1.4096319,1.4096319,1.4096319,1.4096319,1.4096319,1.4096319,1.4096319,1.4096319,1.4096319,1.4096319,1.4096319,1.4096319,1.4096319,1.4096319,1.4096319,1.4096319,1.4096319,1.4096319,1.4096319,1.4096319,1.4096319,1.4096319,1.4096319,1.4096319,1.4096319,1.4096319,1.4096319,1.4096319,1.4096319,1.4096319,1.4096319,1.4096319,1.4096319,0
0,1.4096319,1.4096319,1.4096319,1.4096319,1.4096319,1.4096319,1.4096319,1.4096319,1.4096319,1.4096319,1.4096319,1.4096319,1.4096319,1.4096319,1.4096319,1.4096319,1.4096319,1.4096319,1.4096319,1.4096319,1.4096319,1.4096319,1.4096319,1.4096319,1.4096319,1.4096319,1.4096319,1.4096319,1.4096319,1.4096319,1.4096319,1.4096319,1.4096319,1.4096319,1.4096319,1.4096319,1.4096319,1.4096319,1.4096319,1.4096319,1.4096319,1.4096319,1.4096319,1.4096319,1.4096319,1.4096319,1.4096319,1.4096319,1.4096319,1.4096319,1.4096319,1.4096319,1.4096319,1.4096319,1.4096319,1.4096319,1.4096319,1.4096319,1.4096319,1.4096319,1.4096319,1.4096319,1.4096319,1.4096319,1.4096319,1.4096319,1.4096319,1.4096319,1.4096319,1.4096319,1.4096319,1.4096319,1.4096319,1.4096319,1.4096319,1.4096319,1.4096319,1.4096319,1.4096319,1.4096319,1.4096319,1.4096319,1.4096319,1.4096319,1.4096319,1.4096319,1.4096319,1.4096319,1.4096319,1.4096319,1.4096319,1.4096319,1.4096319,1.4096319,1.4096319,1.4096319,1.4096319,1.4096319,1.4096319,1.4096319,1.4096319,1.4096319,1.4096319,1.4096319,1.4096319,1.4096319,1.4096319,1.4096319,1.4096319,1.4096319,1.4096319,1.4096319,1.4096319,1.4096319,1.4096319,1.4096319,1.4096319,1.4096319,1.4096319,1.4096319,1.4096319,1.4096319,1.4096319,1.4096319,1.4096319,1.4096319,1.4096319,1.4096319,1.4096319,1.4096319,1.4096319,1.4096319,1.4096319,1.4096319,1.4096319,1.4096319,1.4096319,1.4096319,1.4096319,1.4096319,1.4096319,1.4096319,1.4096319,1.4096319,1.4096319,1.4096319,1.4096319,1.4096319,1.4096319,1.4096319,1.4096319,1.4096319,1.4096319,1.4096319,1.4096319,1.4096319,1.4096319,1.4096319,1.4096319,1.4096319,1.4096319,1.4096319,1.4096319,1.4096319,1.4096319,1.4096319,1.4096319,1.4096319,1.4096319,1.4096319,1.4096319,1.4096319,1.4096319,1.4096319,1.4096319,1.4096319,1.4096319,1.4096319,1.4096319,1.4096319,1.4096319,1.4096319,1.4096319,1.4096319,1.4096319,1.4096319,1.4096319,1.4096319,1.4096319,1.4096319,1.4096319,1.4096319,1.4096319,1.4096319,1.4096319,1.4096319,0
0,1.4096319,1.4096319,1.4096319,1.4096319,1.4096319,1.4096319,1.4096319,1.4096319,1.4096319,1.4096319,1.4096319,1.4096319,1.4096319,1.4096319,1.4096319,1.4096319,1.4096319,1.4096319,1.4096319,1.4096319,1.4096319,1.4096319,1.4096319,1.4096319,1.4096319,1.4096319,1.4096319,1.4096319,1.4096319,1.4096319,1.4096319,1.4096319,1.4096319,1.4096319,1.4096319,1.4096319,1.4096319,1.4096319,1.4096319,1.4096319,1.4096319,1.4096319,1.4096319,1.4096319,1.4096319,1.4096319,1.4096319,1.4096319,1.4096319,1.4096319,1.4096319,1.4096319,1.4096319,1.4096319,1.4096319,1.4096319,1.4096319,1.4096319,1.4096319,1.4096319,1.4096319,1.4096319,1.4096319,1.4096319,1.4096319,1.4096319,1.4096319,1.4096319,1.4096319,1.4096319,1.4096319,1.4096319,1.4096319,1.4096319,1.4096319,1.4096319,1.4096319,1.4096319,1.4096319,1.4096319,1.4096319,1.4096319,1.4096319,1.4096319,1.4096319,1.4096319,1.4096319,1.4096319,1.4096319,1.4096319,1.4096319,1.4096319,1.4096319,1.4096319,1.4096319,1.4096319,1.4096319,1.4096319,1.4096319,1.4096319,1.4096319,1.4096319,1.4096319,1.4096319,1.4096319,1.4096319,1.4096319,1.4096319,1.4096319,1.4096319,1.4096319,1.4096319,1.4096319,1.4096319,1.4096319,1.4096319,1.4096319,1.4096319,1.4096319,1.4096319,1.4096319,1.4096319,1.4096319,1.4096319,1.4096319,1.4096319,1.4096319,1.4096319,1.4096319,1.4096319,1.4096319,1.4096319,1.4096319,1.4096319,1.4096319,1.4096319,1.4096319,1.4096319,1.4096319,1.4096319,1.4096319,1.4096319,1.4096319,1.4096319,1.4096319,1.4096319,1.4096319,1.4096319,1.4096319,1.4096319,1.4096319,1.4096319,1.4096319,1.4096319,1.4096319,1.4096319,1.4096319,1.4096319,1.4096319,1.4096319,1.4096319,1.4096319,1.4096319,1.4096319,1.4096319,1.4096319,1.4096319,1.4096319,1.4096319,1.4096319,1.4096319,1.4096319,1.4096319,1.4096319,1.4096319,1.4096319,1.4096319,1.4096319,1.4096319,1.4096319,1.4096319,1.4096319,1.4096319,1.4096319,1.4096319,1.4096319,1.4096319,1.4096319,1.4096319,1.4096319,1.4096319,1.4096319,1.4096319,1.4096319,1.4096319,1.4096319,0
0,1.4096319,1.4096319,1.4096319,1.4096319,1.4096319,1.4096319,1.4096319,1.4096319,1.4096319,1.4096319,1.4096319,1.4096319,1.4096319,1.4096319,1.4096319,1.4096319,1.4096319,1.4096319,1.4096319,1.4096319,1.4096319,1.4096319,1.4096319,1.4096319,1.4096319,1.4096319,1.4096319,1.4096319,1.4096319,1.4096319,1.4096319,1.4096319,1.4096319,1.4096319,1.4096319,1.4096319,1.4096319,1.4096319,1.4096319,1.4096319,1.4096319,1.4096319,1.4096319,1.4096319,1.4096319,1.4096319,1.4096319,1.4096319,1.4096319,1.4096319,1.4096319,1.4096319,1.4096319,1.4096319,1.4096319,1.4096319,1.4096319,1.4096319,1.4096319,1.4096319,1.4096319,1.4096319,1.4096319,1.4096319,1.4096319,1.4096319,1.4096319,1.4096319,1.4096319,1.4096319,1.4096319,1.4096319,1.4096319,1.4096319,1.4096319,1.4096319,1.4096319,1.4096319,1.4096319,1.4096319,1.4096319,1.4096319,1.4096319,1.4096319,1.4096319,1.4096319,1.4096319,1.4096319,1.4096319,1.4096319,1.4096319,1.4096319,1.4096319,1.4096319,1.4096319,1.4096319,1.4096319,1.4096319,1.4096319,1.4096319,1.4096319,1.4096319,1.4096319,1.4096319,1.4096319,1.4096319,1.4096319,1.4096319,1.4096319,1.4096319,1.4096319,1.4096319,1.4096319,1.4096319,1.4096319,1.4096319,1.4096319,1.4096319,1.4096319,1.4096319,1.4096319,1.4096319,1.4096319,1.4096319,1.4096319,1.4096319,1.4096319,1.4096319,1.4096319,1.4096319,1.4096319,1.4096319,1.4096319,1.4096319,1.4096319,1.4096319,1.4096319,1.4096319,1.4096319,1.4096319,1.4096319,1.4096319,1.4096319,1.4096319,1.4096319,1.4096319,1.4096319,1.4096319,1.4096319,1.4096319,1.4096319,1.4096319,1.4096319,1.4096319,1.4096319,1.4096319,1.4096319,1.4096319,1.4096319,1.4096319,1.4096319,1.4096319,1.4096319,1.4096319,1.4096319,1.4096319,1.4096319,1.4096319,1.4096319,1.4096319,1.4096319,1.4096319,1.4096319,1.4096319,1.4096319,1.4096319,1.4096319,1.4096319,1.4096319,1.4096319,1.4096319,1.4096319,1.4096319,1.4096319,1.4096319,1.4096319,1.4096319,1.4096319,1.4096319,1.4096319,1.4096319,1.4096319,1.4096319,1.4096319,1.4096319,1.4096319,0
0,1.4096319,1.4096319,1.4096319,0,0,0,0,0,0,0,0,0,0,0,0,-1.1216949,-1.1216949,-1.1216949,-1.1216949,-1.1216949,-1.1216949,-1.1216949,-1.1216949,-1.1216949,-1.1216949,-1.1216949,-1.1216949,-1.1216949,-1.1216949,-1.1216949,-1.1216949,-1.1216949,-1.1216949,-1.1216949,-1.1216949,-1.1216949,-1.1216949,-1.1216949,-1.1216949,-1.1216949,-1.1216949,-1.1216949,-1.1216949,-1.1216949,-1.1216949,-1.1216949,-1.1216949,-1.1216949,-1.1216949,-1.1216949,-1.1216949,-1.1216949,-1.1216949,-1.1216949,-1.1216949,-1.1216949,-1.1216949,-1.1216949,-1.1216949,-1.1216949,-1.1216949,-1.1216949,-1.1216949,-1.1216949,-1.1216949,-1.1216949,-1.1216949,-1.1216949,-1.1216949,-1.1216949,-1.1216949,-1.1216949,-1.1216949,-1.1216949,-1.1216949,-1.1216949,-1.1216949,-1.1216949,-1.1216949,-1.1216949,-1.1216949,-1.1216949,-1.1216949,-1.1216949,-1.1216949,-1.1216949,-1.1216949,-1.1216949,-1.1216949,-1.1216949,-1.1216949,-1.1216949,-1.1216949,-1.1216949,-1.1216949,-1.1216949,-1.1216949,-1.1216949,-1.1216949,-1.1216949,-1.1216949,-1.1216949,-1.1216949,-1.1216949,-1.1216949,-1.1216949,-1.1216949,-1.1216949,-1.1216949,-1.1216949,-1.1216949,-1.1216949,-1.1216949,-1.1216949,-1.1216949,-1.1216949,-1.1216949,-1.1216949,-1.1216949,-1.1216949,-1.1216949,-1.1216949,-1.1216949,-1.1216949,-1.1216949,-1.1216949,-1.1216949,-1.1216949,-1.1216949,-1.1216949,-1.1216949,-1.1216949,-1.1216949,-1.1216949,-1.1216949,-1.1216949,-1.1216949,-1.1216949,-1.1216949,-1.1216949,-1.1216949,-1.1216949,-1.1216949,-1.1216949,-1.1216949,-1.1216949,-1.1216949,-1.1216949,-1.1216949,-1.1216949,-1.1216949,-1.1216949,-1.1216949,-1.1216949,-1.1216949,-1.1216949,-1.1216949,-1.1216949,-1.1216949,-1.1216949,-1.1216949,-1.1216949,-1.1216949,-1.1216949,-1.1216949,-1.1216949,-1.1216949,-1.1216949,-1.1216949,-1.1216949,-1.1216949,-1.1216949,-1.1216949,-1.1216949,-1.1216949,-1.1216949,-1.1216949,-1.1216949,-1.1216949,-1.1216949,-1.1216949,-1.1216949,-1.1216949,-1.1216949,-1.1216949,-1.1216949,-1.1216949,-1.1216949,-1.1216949,-1.1216949,-1.1216949,-1.1216949,-1.1216949,-1.1216949,-1.1216949,-1.1216949,0
0,-1.1216949,-1.1216949,-1.1216949,-1.1216949,-1.1216949,-1.1216949,-1.1216949,-1.1216949,-1.1216949,-1.1216949,-1.1216949,-1.1216949,-1.1216949,-1.1216949,-1.1216949,-1.1216949,-1.1216949,-1.1216949,-1.1216949,-1.1216949,-1.1216949,-1.1216949,-1.1216949,-1.1216949,-1.1216949,-1.1216949,-1.1216949,-1.1216949,-1.1216949,-1.1216949,-1.1216949,-1.1216949,-1.1216949,-1.1216949,-1.1216949,-1.1216949,-1.1216949,-1.1216949,-1.1216949,-1.1216949,-1.1216949,-1.1216949,-1.1216949,-1.1216949,-1.1216949,-1.1216949,-1.1216949,-1.1216949,-1.1216949,-1.1216949,-1.1216949,-1.1216949,-1.1216949,-1.1216949,-1.1216949,-1.1216949,-1.1216949,-1.1216949,-1.1216949,-1.1216949,-1.1216949,-1.1216949,-1.1216949,-1.1216949,-1.1216949,-1.1216949,-1.1216949,-1.1216949,-1.1216949,-1.1216949,-1.1216949,-1.1216949,-1.1216949,-1.1216949,-1.1216949,-1.1216949,-1.1216949,-1.1216949,-1.1216949,-1.1216949,-1.1216949,-1.1216949,-1.1216949,-1.1216949,-1.1216949,-1.1216949,-1.1216949,-1.1216949,-1.1216949,-1.1216949,-1.1216949,-1.1216949,-1.1216949,-1.1216949,-1.1216949,-1.1216949,-1.1216949,-1.1216949,-1.1216949,-1.1216949,-1.1216949,-1.1216949,-1.1216949,-1.1216949,-1.1216949,-1.1216949,-1.1216949,-1.1216949,-1.1216949,-1.1216949,-1.1216949,-1.1216949,-1.1216949,-1.1216949,-1.1216949,-1.1216949,-1.1216949,-1.1216949,-1.1216949,-1.1216949,-1.1216949,-1.1216949,-1.1216949,-1.1216949,-1.1216949,-1.1216949,-1.1216949,-1.1216949,-1.1216949,-1.1216949,-1.1216949,-1.1216949,-1.1216949,-1.1216949,-1.1216949,-1.1216949,-1.1216949,-1.1216949,-1.1216949,-1.1216949,-1.1216949,-1.1216949,-1.1216949,-1.1216949,-1.1216949,-1.1216949,-1.1216949,-1.1216949,-1.1216949,-1.1216949,-1.1216949,-1.1216949,-1.1216949,-1.1216949,-1.1216949,-1.1216949,-1.1216949,-1.1216949,-1.1216949,-1.1216949,-1.1216949,-1.1216949,-1.1216949,-1.1216949,-1.1216949,-1.1216949,-1.1216949,-1.1216949,-1.1216949,-1.1216949,-1.1216949,-1.1216949,-1.1216949,-1.1216949,-1.1216949,-1.1216949,-1.1216949,-1.1216949,-1.1216949,-1.1216949,-1.1216949,-1.1216949,-1.1216949,-1.1216949,-1.1216949,-1.1216949,-1.1216949,-1.1216949,-1.1216949,-1.1216949,-1.1216949,-1.1216949,-1.1216949,-1.1216949,-1.1216949,-1.1216949,0
0,-1.1216949,-1.1216949,-1.1216949,-1.1216949,-1.1216949,-1.1216949,-1.1216949,-1.1216949,-1.1216949,-1.1216949,-1.1216949,-1.1216949,-1.1216949,-1.1216949,-1.1216949,-1.1216949,-1.1216949,-1.1216949,-1.1216949,-1.1216949,-1.1216949,-1.1216949,-1.1216949,-1.1216949,-1.1216949,-1.1216949,-1.1216949,-1.1216949,-1.1216949,-1.1216949,-1.1216949,-1.1216949,-1.1216949,-1.1216949,-1.1216949,-1.1216949,-1.1216949,-1.1216949,-1.1216949,-1.1216949,-1.1216949,-1.1216949,-1.1216949,-1.1216949,-1.1216949,-1.1216949,-1.1216949,-1.1216949,-1.1216949,-1.1216949,-1.1216949,-1.1216949,-1.1216949,-1.1216949,-1.1216949,-1.1216949,-1.1216949,-1.1216949,-1.1216949,-1.1216949,-1.1216949,-1.1216949,-1.1216949,-1.1216949,-1.1216949,-1.1216949,-1.1216949,-1.1216949,-1.1216949,-1.1216949,-1.1216949,-1.1216949,-1.1216949,-1.1216949,-1.1216949,-1.1216949,-1.1216949,-1.1216949,-1.1216949,-1.1216949,-1.1216949,-1.1216949,-1.1216949,-1.1216949,-1.1216949,-1.1216949,-1.1216949,-1.1216949,-1.1216949,-1.1216949,-1.1216949,-1.1216949,-1.1216949,-1.1216949,-1.1216949,-1.1216949,-1.1216949,-1.1216949,-1.1216949,-1.1216949,-1.1216949,-1.1216949,-1.1216949,-1.1216949,-1.1216949,-1.1216949,-1.1216949,-1.1216949,-1.1216949,-1.1216949,-1.1216949,-1.1216949,-1.1216949,-1.1216949,-1.1216949,-1.1216949,-1.1216949,-1.1216949,-1.1216949,-1.1216949,-1.1216949,-1.1216949,-1.1216949,-1.1216949,-1.1216949,-1.1216949,-1.1216949,-1.1216949,-1.1216949,-1.1216949,-1.1216949,-1.1216949,-1.1216949,-1.1216949,-1.1216949,-1.1216949,-1.1216949,-1.1216949,-1.1216949,-1.1216949,-1.1216949,-1.1216949,-1.1216949,-1.1216949,-1.1216949,-1.1216949,-1.1216949,-1.1216949,-1.1216949,-1.1216949,-1.1216949,-1.1216949,-1.1216949,-1.1216949,-1.1216949,-1.1216949,-1.1216949,-1.1216949,-1.1216949,-1.1216949,-1.1216949,-1.1216949,-1.1216949,-1.1216949,-1.1216949,-1.1216949,-1.1216949,-1.1216949,-1.1216949,-1.1216949,-1.1216949,-1.1216949,-1.1216949,-1.1216949,-1.1216949,-1.1216949,-1.1216949,-1.1216949,-1.1216949,-1.1216949,-1.1216949,-1.1216949,-1.1216949,-1.1216949,-1.1216949,-1.1216949,-1.1216949,-1.1216949,-1.1216949,-1.1216949,-1.1216949,-1.1216949,-1.1216949,-1.1216949,-1.1216949,-1.1216949,0
0,-1.1216949,-1.1216949,-1.1216949,-1.1216949,-1.1216949,-1.1216949,-1.1216949,-1.1216949,-1.1216949,-1.1216949,-1.1216949,-1.1216949,-1.1216949,-1.1216949,-1.1216949,-1.1216949,-1.1216949,-1.1216949,-1.1216949,-1.1216949,-1.1216949,-1.1216949,-1.1216949,-1.1216949,-1.1216949,-1.1216949,-1.1216949,-1.1216949,-1.1216949,-1.1216949,-1.1216949,-1.1216949,-1.1216949,-1.1216949,-1.1216949,-1.1216949,-1.1216949,-1.1216949,-1.1216949,-1.1216949,-1.1216949,-1.1216949,-1.1216949,-1.1216949,-1.1216949,-1.1216949,-1.1216949,-1.1216949,-1.1216949,-1.1216949,-1.1216949,-1.1216949,-1.1216949,-1.1216949,-1.1216949,-1.1216949,-1.1216949,-1.1216949,-1.1216949,-1.1216949,-1.1216949,-1.1216949,-1.1216949,-1.1216949,-1.1216949,-1.1216949,-1.1216949,-1.1216949,-1.1216949,-1.1216949,-1.1216949,-1.1216949,-1.1216949,-1.1216949,-1.1216949,-1.1216949,-1.1216949,-1.1216949,-1.1216949,-1.1216949,-1.1216949,-1.1216949,-1.1216949,-1.1216949,-1.1216949,-1.1216949,-1.1216949,-1.1216949,-1.1216949,-1.1216949,-1.1216949,-1.1216949,-1.1216949,-1.1216949,-1.1216949,-1.1216949,-1.1216949,-1.1216949,-1.1216949,-1.1216949,-1.1216949,-1.1216949,-1.1216949,-1.1216949,-1.1216949,-1.1216949,-1.1216949,-1.1216949,-1.1216949,-1.1216949,-1.1216949,-1.1216949,-1.1216949,-1.1216949,-1.1216949,-1.1216949,-1.1216949,-1.1216949,-1.1216949,-1.1216949,-1.1216949,-1.1216949,-1.1216949,-1.1216949,-1.1216949,-1.1216949,-1.1216949,-1.1216949,-1.1216949,-1.1216949,-1.1216949,-1.1216949,-1.1216949,-1.1216949,-1.1216949,-1.1216949,-1.1216949,-1.1216949,-1.1216949,-1.1216949,-1.1216949,-1.1216949,-1.1216949,-1.1216949,-1.1216949,-1.1216949,-1.1216949,-1.1216949,-1.1216949,-1.1216949,-1.1216949,-1.1216949,-1.1216949,-1.1216949,-1.1216949,-1.1216949,-1.1216949,-1.1216949,-1.1216949,-1.1216949,-1.1216949,-1.1216949,-1.1216949,-1.1216949,-1.1216949,-1.1216949,-1.1216949,-1.1216949,-1.1216949,-1.1216949,-1.1216949,-1.1216949,-1.1216949,-1.1216949,-1.1216949,-1.1216949,-1.1216949,-1.1216949,-1.1216949,-1.1216949,-1.1216949,-1.1216949,-1.1216949,-1.1216949,-1.1216949,-1.1216949,-1.1216949,-1.1216949,-1.1216949,-1.1216949,-1.1216949,-1.1216949,-1.1216949,-1.1216949,-1.1216949,-1.1216949,0
0,-1.1216949,-1.1216949,-1.1216949,-1.1216949,-1.1216949,-1.1216949,-1.1216949,-1.1216949,-1.1216949,-1.1216949,-1.1216949,-1.1216949,-1.1216949,-1.1216949,-1.1216949,-1.1216949,-1.1216949,-1.1216949,-1.1216949,-1.1216949,-1.1216949,-1.1216949,-1.1216949,-1.1216949,-1.1216949,-1.1216949,-1.1216949,-1.1216949,-1.1216949,-1.1216949,-1.1216949,-1.1216949,-1.1216949,-1.1216949,-1.1216949,-1.1216949,-1.1216949,-1.1216949,-1.1216949,-1.1216949,-1.1216949,-1.1216949,-1.1216949,-1.1216949,-1.1216949,-1.1216949,-1.1216949,-1.1216949,-1.1216949,-1.1216949,-1.1216949,-1.1216949,-1.1216949,-1.1216949,-1.1216949,-1.1216949,-1.1216949,-1.1216949,-1.1216949,-1.1216949,-1.1216949,-1.1216949,-1.1216949,-1.1216949,-1.1216949,-1.1216949,-1.1216949,-1.1216949,-1.1216949,-1.1216949,-1.1216949,-1.1216949,-1.1216949,-1.1216949,-1.1216949,-1.1216949,-1.1216949,-1.1216949,-1.1216949,-1.1216949,-1.1216949,-1.1216949,-1.1216949,-1.1216949,-1.1216949,-1.1216949,-1.1216949,-1.1216949,-1.1216949,-1.1216949,-1.1216949,-1.1216949,-1.1216949,-1.1216949,-1.1216949,-1.1216949,-1.1216949,-1.1216949,-1.1216949,-1.1216949,-1.1216949,-1.1216949,-1.1216949,-1.1216949,-1.1216949,-1.1216949,-1.1216949,-1.1216949,-1.1216949,-1.1216949,-1.1216949,-1.1216949,-1.1216949,-1.1216949,-1.1216949,-1.1216949,-1.1216949,-1.1216949,-1.1216949,-1.1216949,-1.1216949,-1.1216949,-1.1216949,-1.1216949,-1.1216949,-1.1216949,-1.1216949,-1.1216949,-1.1216949,-1.1216949,-1.1216949,-1.1216949,-1.1216949,-1.1216949,-1.1216949,-1.1216949,-1.1216949,-1.1216949,-1.1216949,-1.1216949,-1.1216949,-1.1216949,-1.1216949,-1.1216949,-1.1216949,-1.1216949,-1.1216949,-1.1216949,-1.1216949,-1.1216949,-1.1216949,-1.1216949,-1.1216949,-1.1216949,-1.1216949,-1.1216949,-1.1216949,-1.1216949,-1.1216949,-1.1216949,-1.1216949,-1.1216949,-1.1216949,-1.1216949,-1.1216949,-1.1216949,-1.1216949,-1.1216949,-1.1216949,-1.1216949,-1.1216949,-1.1216949,-1.1216949,-1.1216949,-1.1216949,-1.1216949,-1.1216949,-1.1216949,-1.1216949,-1.1216949,-1.1216949,-1.1216949,-1.1216949,-1.1216949,-1.1216949,-1.1216949,-1.1216949,-1.1216949,-1.1216949,-1.1216949,-1.1216949,-1.1216949,-1.1216949,-1.1216949,-1.1216949,-1.1216949,0
0,-1.1216949,-1.1216949,-1.1216949,-1.1216949,-1.1216949,-1.1216949,-1.1216949,-1.1216949,-1.1216949,-1.1216949,-1.1216949,-1.1216949,-1.1216949,-1.1216949,-1.1216949,-1.1216949,-1.1216949,-1.1216949,-1.1216949,-1.1216949,-1.1216949,-1.1216949,-1.1216949,-1.1216949,-1.1216949,-1.1216949,-1.1216949,-1.1216949,-1.1216949,-1.1216949,-1.1216949,-1.1216949,-1.1216949,-1.1216949,-1.1216949,-1.1216949,-1.1216949,-1.1216949,-1.1216949,-1.1216949,-1.1216949,-1.1216949,-1.1216949,-1.1216949,-1.1216949,-1.1216949,-1.1216949,-1.1216949,-1.1216949,-1.1216949,-1.1216949,-1.1216949,-1.1216949,-1.1216949,-1.1216949,-1.1216949,-1.1216949,-1.1216949,-1.1216949,-1.1216949,-1.1216949,-1.1216949,-1.1216949,-1.1216949,-1.1216949,-1.1216949,-1.1216949,-1.1216949,-1.1216949,-1.1216949,-1.1216949,-1.1216949,-1.1216949,-1.1216949,-1.1216949,-1.1216949,-1.1216949,-1.1216949,-1.1216949,-1.1216949,-1.1216949,-1.1216949,-1.1216949,-1.1216949,-1.1216949,-1.1216949,-1.1216949,-1.1216949,-1.1216949,-1.1216949,-1.1216949,-1.1216949,-1.1216949,-1.1216949,-1.1216949,-1.1216949,-1.1216949,-1.1216949,-1.1216949,-1.1216949,-1.1216949,-1.1216949,-1.1216949,-1.1216949,-1.1216949,-1.1216949,-1.1216949,-1.1216949,-1.1216949,-1.1216949,-1.1216949,-1.1216949,-1.1216949,-1.1216949,-1.1216949,-1.1216949,-1.1216949,-1.1216949,-1.1216949,-1.1216949,-1.1216949,-1.1216949,-1.1216949,-1.1216949,-1.1216949,-1.1216949,-1.1216949,-1.1216949,-1.1216949,-1.1216949,-1.1216949,-1.1216949,-1.1216949,-1.1216949,-1.1216949,-1.1216949,-1.1216949,-1.1216949,-1.1216949,-1.1216949,-1.1216949,-1.1216949,-1.1216949,-1.1216949,-1.1216949,-1.1216949,-1.1216949,-1.1216949,-1.1216949,-1.1216949,-1.1216949,-1.1216949,-1.1216949,-1.1216949,-1.1216949,-1.1216949,-1.1216949,-1.1216949,-1.1216949,-1.1216949,-1.1216949,-1.1216949,-1.1216949,-1.1216949,-1.1216949,-1.1216949,-1.1216949,-1.1216949,-1.1216949,-1.1216949,-1.1216949,-1.1216949,-1.1216949,-1.1216949,-1.1216949,-1.1216949,-1.1216949,-1.1216949,-1.1216949,-1.1216949,-1.1216949,-1.1216949,-1.1216949,-1.1216949,-1.1216949,-1.1216949,-1.1216949,-1.1216949,-1.1216949,-1.1216949,-1.1216949,-1.1216949,-1.1216949,-1.1216949,-1.1216949,-1.1216949,0
0,-1.1216949,-1.1216949,-1.1216949,-1.1216949,-1.1216949,-1.1216949,-1.1216949,-1.1216949,-1.1216949,-1.1216949,-1.1216949,-1.1216949,-1.1216949,-1.1216949,-1.1216949,-1.1216949,-1.1216949,-1.1216949,-1.1216949,-1.1216949,-1.1216949,-1.1216949,-1.1216949,-1.1216949,-1.1216949,-1.1216949,-1.1216949,-1.1216949,-1.1216949,-1.1216949,-1.1216949,-1.1216949,-1.1216949,-1.1216949,-1.1216949,-1.1216949,-1.1216949,-1.1216949,-1.1216949,-1.1216949,-1.1216949,-1.1216949,-1.1216949,-1.1216949,-1.1216949,-1.1216949,-1.1216949,-1.1216949,-1.1216949,-1.1216949,-1.1216949,-1.1216949,-1.1216949,-1.1216949,-1.1216949,-1.1216949,-1.1216949,-1.1216949,-1.1216949,-1.1216949,-1.1216949,-1.1216949,-1.1216949,-1.1216949,-1.1216949,-1.1216949,-1.1216949,-1.1216949,-1.1216949,-1.1216949,-1.1216949,-1.1216949,-1.1216949,-1.1216949,-1.1216949,-1.1216949,-1.1216949,-1.1216949,-1.1216949,-1.1216949,-1.1216949,-1.1216949,-1.1216949,-1.1216949,-1.1216949,-1.1216949,-1.1216949,-1.1216949,-1.1216949,-1.1216949,-1.1216949,-1.1216949,-1.1216949,-1.1216949,-1.1216949,-1.1216949,-1.1216949,-1.1216949,-1.1216949,-1.1216949,-1.1216949,-1.1216949,-1.1216949,-1.1216949,-1.1216949,-1.1216949,-1.1216949,-1.1216949,-1.1216949,-1.1216949,-1.1216949,-1.1216949,-1.1216949,-1.1216949,-1.1216949,-1.1216949,-1.1216949,-1.1216949,-1.1216949,-1.1216949,-1.1216949,-1.1216949,-1.1216949,-1.1216949,-1.1216949,-1.1216949,-1.1216949,-1.1216949,-1.1216949,-1.1216949,-1.1216949,-1.1216949,-1.1216949,-1.1216949,-1.1216949,-1.1216949,-1.1216949,-1.1216949,-1.1216949,-1.1216949,-1.1216949,-1.1216949,-1.1216949,-1.1216949,-1.1216949,-1.1216949,-1.1216949,-1.1216949,-1.1216949,-1.1216949,-1.1216949,-1.1216949,-1.1216949,-1.1216949,-1.1216949,-1.1216949,-1.1216949,-1.1216949,-1.1216949,-1.1216949,-1.1216949,-1.1216949,-1.1216949,-1.1216949,-1.1216949,-1.1216949,-1.1216949,-1.1216949,-1.1216949,-1.1216949,-1.1216949,-1.1216949,-1.1216949,-1.1216949,-1.1216949,-1.1216949,-1.1216949,-1.1216949,-1.1216949,-1.1216949,-1.1216949,-1.1216949,-1.1216949,-1.1216949,-1.1216949,-1.1216949,-1.1216949,-1.1216949,-1.1216949,-1.1216949,-1.1216949,-1.1216949,-1.1216949,-1.1216949,-1.1216949,-1.1216949,0
0,-1.1216949,-1.1216949,-1.1216949,-1.1216949,-1.1216949,-1.1216949,-1.1216949,-1.1216949,-1.1216949,-1.1216949,-1.1216949,-1.1216949,-1.1216949,-1.1216949,-1.1216949,-1.1216949,-1.1216949,-1.1216949,-1.1216949,-1.1216949,-1.1216949,-1.1216949,-1.1216949,-1.1216949,-1.1216949,-1.1216949,-1.1216949,-1.1216949,-1.1216949,-1.1216949,-1.1216949,-1.1216949,-1.1216949,-1.1216949,-1.1216949,-1.1216949,-1.1216949,-1.1216949,-1.1216949,-1.1216949,-1.1216949,-1.1216949,-1.1216949,-1.1216949,-1.1216949,-1.1216949,-1.1216949,-1.1216949,-1.1216949,-1.1216949,-1.1216949,-1.1216949,-1.1216949,-1.1216949,-1.1216949,-1.1216949,-1.1216949,-1.1216949,-1.1216949,-1.1216949,-1.1216949,-1.1216949,-1.1216949,-1.1216949,-1.1216949,-1.1216949,-1.1216949,-1.1216949,-1.1216949,-1.1216949,-1.1216949,-1.1216949,-1.1216949,-1.1216949,-1.1216949,-1.1216949,-1.1216949,-1.1216949,-1.1216949,-1.1216949,-1.1216949,-1.1216949,-1.1216949,-1.1216949,-1.1216949,-1.1216949,-1.1216949,-1.1216949,-1.1216949,-1.1216949,-1.1216949,-1.1216949,-1.1216949,-1.1216949,-1.1216949,-1.1216949,-1.1216949,-1.1216949,-1.1216949,-1.1216949,-1.1216949,-1.1216949,-1.1216949,-1.1216949,-1.1216949,-1.1216949,-1.1216949,-1.1216949,-1.1216949,-1.1216949,-1.1216949,-1.1216949,-1.1216949,-1.1216949,-1.1216949,-1.1216949,-1.1216949,-1.1216949,-1.1216949,-1.1216949,-1.1216949,-1.1216949,-1.1216949,-1.1216949,-1.1216949,-1.1216949,-1.1216949,-1.1216949,-1.1216949,-1.1216949,-1.1216949,-1.1216949,-1.1216949,-1.1216949,-1.1216949,-1.1216949,-1.1216949,-1.1216949,-1.1216949,-1.1216949,-1.1216949,-1.1216949,-1.1216949,-1.1216949,-1.1216949,-1.1216949,-1.1216949,-1.1216949,-1.1216949,-1.1216949,-1.1216949,-1.1216949,-1.1216949,-1.1216949,-1.1216949,-1.1216949,-1.1216949,-1.1216949,-1.1216949,-1.1216949,-1.1216949,-1.1216949,-1.1216949,-1.1216949,-1.1216949,-1.1216949,-1.1216949,-1.1216949,-1.1216949,-1.1216949,-1.1216949,-1.1216949,-1.1216949,-1.1216949,-1.1216949,-1.1216949,-1.1216949,-1.1216949,-1.1216949,-1.1216949,-1.1216949,-1.1216949,-1.1216949,-1.1216949,-1.1216949,-1.1216949,-1.1216949,-1.1216949,-1.1216949,-1.1216949,-1.1216949,-1.1216949,-1.1216949,-1.1216949,-1.1216949,-1.1216949,0
0,-1.1216949,-1.1216949,-1.1216949,-1.1216949,-1.1216949,-1.1216949,-1.1216949,-1.1216949,-1.1216949,-1.1216949,-1.1216949,-1.1216949,-1.1216949,-1.1216949,-1.1216949,-1.1216949,-1.1216949,-1.1216949,-1.1216949,-1.1216949,-1.1216949,-1.1216949,-1.1216949,-1.1216949,-1.1216949,-1.1216949,-1.1216949,-1.1216949,-1.1216949,-1.1216949,-1.1216949,-1.1216949,-1.1216949,-1.1216949,-1.1216949,-1.1216949,-1.1216949,-1.1216949,-1.1216949,-1.1216949,-1.1216949,-1.1216949,-1.1216949,-1.1216949,-1.1216949,-1.1216949,-1.1216949,-1.1216949,-1.1216949,-1.1216949,-1.1216949,-1.1216949,-1.1216949,-1.1216949,-1.1216949,-1.1216949,-1.1216949,-1.1216949,-1.1216949,-1.1216949,-1.1216949,-1.1216949,-1.1216949,-1.1216949,-1.1216949,-1.1216949,-1.1216949,-1.1216949,-1.1216949,-1.1216949,-1.1216949,-1.1216949,-1.1216949,-1.1216949,-1.1216949,-1.1216949,-1.1216949,-1.1216949,-1.1216949,-1.1216949,-1.1216949,-1.1216949,-1.1216949,-1.1216949,-1.1216949,-1.1216949,-1.1216949,-1.1216949,-1.1216949,-1.1216949,-1.1216949,-1.1216949,-1.1216949,-1.1216949,-1.1216949,-1.1216949,-1.1216949,-1.1216949,-1.1216949,-1.1216949,-1.1216949,-1.1216949,-1.1216949,-1.1216949,-1.1216949,-1.1216949,-1.1216949,-1.1216949,-1.1216949,-1.1216949,-1.1216949,-1.1216949,-1.1216949,-1.1216949,-1.1216949,-1.1216949,-1.1216949,-1.1216949,-1.1216949,-1.1216949,-1.1216949,-1.1216949,-1.1216949,-1.1216949,-1.1216949,-1.1216949,-1.1216949,-1.1216949,-1.1216949,-1.1216949,-1.1216949,-1.1216949,-1.1216949,-1.1216949,-1.1216949,-1.1216949,-1.1216949,-1.1216949,-1.1216949,-1.1216949,-1.1216949,-1.1216949,-1.1216949,-1.1216949,-1.1216949,-1.1216949,-1.1216949,-1.1216949,-1.1216949,-1.1216949,-1.1216949,-1.1216949,-1.1216949,-1.1216949,-1.1216949,-1.1216949,-1.1216949,-1.1216949,-1.1216949,-1.1216949,-1.1216949,-1.1216949,-1.1216949,-1.1216949,-1.1216949,-1.1216949,-1.1216949,-1.1216949,-1.1216949,-1.1216949,-1.1216949,-1.1216949,-1.1216949,-1.1216949,-1.1216949,-1.1216949,-1.1216949,-1.1216949,-1.1216949,-1.1216949,-1.1216949,-1.1216949,-1.1216949,-1.1216949,-1.1216949,-1.1216949,-1.1216949,-1.1216949,-1.1216949,-1.1216949,-1.1216949,-1.1216949,-1.1216949,-1.1216949,-1.1216949,-1.1216949,0
0,-1.1216949,-1.1216949,-1.1216949,-1.1216949,-1.1216949,-1.1216949,-1.1216949,-1.1216949,-1.1216949,-1.1216949,-1.1216949,-1.1216949,-1.1216949,-1.1216949,-1.1216949,-1.1216949,-1.1216949,-1.1216949,-1.1216949,-1.1216949,-1.1216949,-1.1216949,-1.1216949,-1.1216949,-1.1216949,-1.1216949,-1.1216949,-1.1216949,-1.1216949,-1.1216949,-1.1216949,-1.1216949,-1.1216949,-1.1216949,-1.1216949,-1.1216949,-1.1216949,-1.1216949,-1.1216949,-1.1216949,-1.1216949,-1.1216949,-1.1216949,-1.1216949,-1.1216949,-1.1216949,-1.1216949,-1.1216949,-1.1216949,-1.1216949,-1.1216949,-1.1216949,-1.1216949,-1.1216949,-1.1216949,-1.1216949,-1.1216949,-1.1216949,-1.1216949,-1.1216949,-1.1216949,-1.1216949,-1.1216949,-1.1216949,-1.1216949,-1.1216949,-1.1216949,-1.1216949,-1.1216949,-1.1216949,-1.1216949,-1.1216949,-1.1216949,-1.1216949,-1.1216949,-1.1216949,-1.1216949,-1.1216949,-1.1216949,-1.1216949,-1.1216949,-1.1216949,-1.1216949,-1.1216949,-1.1216949,-1.1216949,-1.1216949,-1.1216949,-1.1216949,-1.1216949,-1.1216949,-1.1216949,-1.1216949,-1.1216949,-1.1216949,-1.1216949,-1.1216949,-1.1216949,-1.1216949,-1.1216949,-1.1216949,-1.1216949,-1.1216949,-1.1216949,-1.1216949,-1.1216949,-1.1216949,-1.1216949,-1.1216949,-1.1216949,-1.1216949,-1.1216949,0,0,0,0,0,0,1.2735991,1.2735991,1.2735991,1.2735991,1.2735991,1.2735991,1.2735991,1.2735991,1.2735991,1.2735991,1.2735991,1.2735991,1.2735991,1.2735991,1.2735991,1.2735991,1.2735991,1.2735991,1.2735991,1.2735991,1.2735991,1.2735991,1.2735991,1.2735991,1.2735991,1.2735991,1.2735991,1.2735991,1.2735991,1.2735991,1.2735991,1.2735991,1.2735991,1.2735991,1.2735991,1.2735991,1.2735991,1.2735991,1.2735991,1.2735991,1.2735991,1.2735991,1.2735991,1.2735991,1.2735991,1.2735991,1.2735991,1.2735991,1.2735991,1.2735991,1.2735991,1.2735991,1.2735991,1.2735991,1.2735991,1.2735991,1.2735991,1.2735991,1.2735991,1.2735991,1.2735991,1.2735991,1.2735991,1.2735991,1.2735991,1.2735991,1.2735991,1.2735991,1.2735991,1.2735991,1.2735991,1.2735991,1.2735991,1.2735991,1.2735991,1.2735991,1.2735991,1.2735991,0
0,1.2735991,1.2735991,1.2735991,1.2735991,1.2735991,1.2735991,1.2735991,1.2735991,1.2735991,1.2735991,1.2735991,1.2735991,1.2735991,1.2735991,1.2735991,1.2735991,1.2735991,1.2735991,1.2735991,1.2735991,1.2735991,1.2735991,1.2735991,1.2735991,1.2735991,1.2735991,1.2735991,1.2735991,1.2735991,1.2735991,1.2735991,1.2735991,1.2735991,1.2735991,1.2735991,1.2735991,1.2735991,1.2735991,1.2735991,1.2735991,1.2735991,1.2735991,1.2735991,1.2735991,1.2735991,1.2735991,1.2735991,1.2735991,1.2735991,1.2735991,1.2735991,1.2735991,1.2735991,1.2735991,1.2735991,1.2735991,1.2735991,1.2735991,1.2735991,1.2735991,1.2735991,1.2735991,1.2735991,1.2735991,1.2735991,1.2735991,1.2735991,1.2735991,1.2735991,1.2735991,1.2735991,1.2735991,1.2735991,1.2735991,1.2735991,1.2735991,1.2735991,1.2735991,1.2735991,1.2735991,1.2735991,1.2735991,1.2735991,1.2735991,1.2735991,1.2735991,1.2735991,1.2735991,1.2735991,1.2735991,1.2735991,1.2735991,1.2735991,1.2735991,1.2735991,1.2735991,1.2735991,1.2735991,1.2735991,1.2735991,1.2735991,1.2735991,1.2735991,1.2735991,1.2735991,1.2735991,1.2735991,1.2735991,1.2735991,1.2735991,1.2735991,1.2735991,1.2735991,1.2735991,1.2735991,1.2735991,1.2735991,1.2735991,1.2735991,1.2735991,1.2735991,1.2735991,1.2735991,1.2735991,1.2735991,1.2735991,1.2735991,1.2735991,1.2735991,1.2735991,1.2735991,1.2735991,1.2735991,1.2735991,1.2735991,1.2735991,1.2735991,1.2735991,1.2735991,1.2735991,1.2735991,1.2735991,1.2735991,1.2735991,1.2735991,1.2735991,1.2735991,1.2735991,1.2735991,1.2735991,1.2735991,1.2735991,1.2735991,1.2735991,1.2735991,1.2735991,1.2735991,1.2735991,1.2735991,1.2735991,1.2735991,1.2735991,1.2735991,1.2735991,1.2735991,1.2735991,1.2735991,1.2735991,1.2735991,1.2735991,1.2735991,1.2735991,1.2735991,1.2735991,1.2735991,1.2735991,1.2735991,1.2735991,1.2735991,1.2735991,1.2735991,1.2735991,1.2735991,1.2735991,1.2735991,1.2735991,1.2735991,1.2735991,1.2735991,1.2735991,1.2735991,1.2735991,1.2735991,1.2735991,1.2735991,1.2735991,0
0,1.2735991,1.2735991,1.2735991,1.2735991,1.2735991,1.2735991,1.2735991,1.2735991,1.2735991,1.2735991,1.2735991,1.2735991,1.2735991,1.2735991,1.2735991,1.2735991,1.2735991,1.2735991,1.2735991,1.2735991,1.2735991,1.2735991,1.2735991,1.2735991,1.2735991,1.2735991,1.2735991,1.2735991,1.2735991,1.2735991,1.2735991,1.2735991,1.2735991,1.2735991,1.2735991,1.2735991,1.2735991,1.2735991,1.2735991,1.2735991,1.2735991,1.2735991,1.2735991,1.2735991,1.2735991,1.2735991,1.2735991,1.2735991,1.2735991,1.2735991,1.2735991,1.2735991,1.2735991,1.2735991,1.2735991,1.2735991,1.2735991,1.2735991,1.2735991,1.2735991,1.2735991,1.2735991,1.2735991,1.2735991,1.2735991,1.2735991,1.2735991,1.2735991,1.2735991,1.2735991,1.2735991,1.2735991,1.2735991,1.2735991,1.2735991,1.2735991,1.2735991,1.2735991,1.2735991,1.2735991,1.2735991,1.2735991,1.2735991,1.2735991,1.2735991,1.2735991,1.2735991,1.2735991,1.2735991,1.2735991,1.2735991,1.2735991,1.2735991,1.2735991,1.2735991,1.2735991,1.2735991,1.2735991,1.2735991,1.2735991,1.2735991,1.2735991,1.2735991,1.2735991,1.2735991,1.2735991,1.2735991,1.2735991,1.2735991,1.2735991,1.2735991,1.2735991,1.2735991,1.2735991,1.2735991,1.2735991,1.2735991,1.2735991,1.2735991,1.2735991,1.2735991,1.2735991,1.2735991,1.2735991,1.2735991,1.2735991,1.2735991,1.2735991,1.2735991,1.2735991,1.2735991,1.2735991,1.2735991,1.2735991,1.2735991,1.2735991,1.2735991,1.2735991,1.2735991,1.2735991,1.2735991,1.2735991,1.2735991,1.2735991,1.2735991,1.2735991,1.2735991,1.2735991,1.2735991,1.2735991,1.2735991,1.2735991,1.2735991,1.2735991,1.2735991,1.2735991,1.2735991,1.2735991,1.2735991,1.2735991,1.2735991,1.2735991,1.2735991,1.2735991,1.2735991,1.2735991,1.2735991,1.2735991,1.2735991,1.2735991,1.2735991,1.2735991,1.2735991,1.2735991,1.2735991,1.2735991,1.2735991,1.2735991,1.2735991,1.2735991,1.2735991,1.2735991,1.2735991,1.2735991,1.2735991,1.2735991,1.2735991,1.2735991,1.2735991,1.2735991,1.2735991,1.2735991,1.2735991,1.2735991,1.2735991,1.2735991,0
0,1.2735991,1.2735991,1.2735991,1.2735991,1.2735991,1.2735991,1.2735991,1.2735991,1.2735991,1.2735991,1.2735991,1.2735991,1.2735991,1.2735991,1.2735991,1.2735991,1.2735991,1.2735991,1.2735991,1.2735991,1.2735991,1.2735991,1.2735991,1.2735991,1.2735991,1.2735991,1.2735991,1.2735991,1.2735991,1.2735991,1.2735991,1.2735991,1.2735991,1.2735991,1.2735991,1.2735991,1.2735991,1.2735991,1.2735991,1.2735991,1.2735991,1.2735991,1.2735991,1.2735991,1.2735991,1.2735991,1.2735991,1.2735991,1.2735991,1.2735991,1.2735991,1.2735991,1.2735991,1.2735991,1.2735991,1.2735991,1.2735991,1.2735991,1.2735991,1.2735991,1.2735991,1.2735991,1.2735991,1.2735991,1.2735991,1.2735991,1.2735991,1.2735991,1.2735991,1.2735991,1.2735991,1.2735991,1.2735991,1.2735991,1.2735991,1.2735991,1.2735991,1.2735991,1.2735991,1.2735991,1.2735991,1.2735991,1.2735991,1.2735991,1.2735991,1.2735991,1.2735991,1.2735991,1.2735991,1.2735991,1.2735991,1.2735991,1.2735991,1.2735991,1.2735991,1.2735991,1.2735991,1.2735991,1.2735991,1.2735991,1.2735991,1.2735991,1.2735991,1.2735991,1.2735991,1.2735991,1.2735991,1.2735991,1.2735991,1.2735991,1.2735991,1.2735991,1.2735991,1.2735991,1.2735991,1.2735991,1.2735991,1.2735991,1.2735991,1.2735991,1.2735991,1.2735991,1.2735991,1.2735991,1.2735991,1.2735991,1.2735991,1.2735991,1.2735991,1.2735991,1.2735991,1.2735991,1.2735991,1.2735991,1.2735991,1.2735991,1.2735991,1.2735991,1.2735991,1.2735991,1.2735991,1.2735991,1.2735991,1.2735991,1.2735991,1.2735991,1.2735991,1.2735991,1.2735991,1.2735991,1.2735991,1.2735991,1.2735991,1.2735991,1.2735991,1.2735991,1.2735991,1.2735991,1.2735991,1.2735991,1.2735991,1.2735991,1.2735991,1.2735991,1.2735991,1.2735991,1.2735991,1.2735991,1.2735991,1.2735991,1.2735991,1.2735991,1.2735991,1.2735991,1.2735991,1.2735991,1.2735991,1.2735991,1.2735991,1.2735991,1.2735991,1.2735991,1.2735991,1.2735991,1.2735991,1.2735991,1.2735991,1.2735991,1.2735991,1.2735991,1.2735991,1.2735991,1.2735991,1.2735991,1.2735991,1.2735991,0
0,1.2735991,1.2735991,1.2735991,1.2735991,1.2735991,1.2735991,1.2735991,1.2735991,1.2735991,1.2735991,1.2735991,1.2735991,1.2735991,1.2735991,1.2735991,1.2735991,1.2735991,1.2735991,1.2735991,1.2735991,1.2735991,1.2735991,1.2735991,1.2735991,1.2735991,1.2735991,1.2735991,1.2735991,1.2735991,1.2735991,1.2735991,1.2735991,1.2735991,1.2735991,1.2735991,1.2735991,1.2735991,1.2735991,1.2735991,1.2735991,1.2735991,1.2735991,1.2735991,1.2735991,1.2735991,1.2735991,1.2735991,1.2735991,1.2735991,1.2735991,1.2735991,1.2735991,1.2735991,1.2735991,1.2735991,1.2735991,1.2735991,1.2735991,1.2735991,1.2735991,1.2735991,1.2735991,1.2735991,1.2735991,1.2735991,1.2735991,1.2735991,1.2735991,1.2735991,1.2735991,1.2735991,1.2735991,1.2735991,1.2735991,1.2735991,1.2735991,1.2735991,1.2735991,1.2735991,1.2735991,1.2735991,1.2735991,1.2735991,1.2735991,1.2735991,1.2735991,1.2735991,1.2735991,1.2735991,1.2735991,1.2735991,1.2735991,1.2735991,1.2735991,1.2735991,1.2735991,1.2735991,1.2735991,1.2735991,1.2735991,1.2735991,1.2735991,1.2735991,1.2735991,1.2735991,1.2735991,1.2735991,1.2735991,1.2735991,1.2735991,1.2735991,1.2735991,1.2735991,1.2735991,1.2735991,1.2735991,1.2735991,1.2735991,1.2735991,1.2735991,1.2735991,1.2735991,1.2735991,1.2735991,1.2735991,1.2735991,1.2735991,1.2735991,1.2735991,1.2735991,1.2735991,1.2735991,1.2735991,1.2735991,1.2735991,1.2735991,1.2735991,1.2735991,1.2735991,1.2735991,1.2735991,1.2735991,1.2735991,1.2735991,1.2735991,1.2735991,1.2735991,1.2735991,1.2735991,1.2735991,1.2735991,1.2735991,1.2735991,1.2735991,1.2735991,1.2735991,1.2735991,1.2735991,1.2735991,1.2735991,1.2735991,1.2735991,1.2735991,1.2735991,1.2735991,1.2735991,1.2735991,1.2735991,1.2735991,1.2735991,1.2735991,1.2735991,1.2735991,1.2735991,1.2735991,1.2735991,1.2735991,1.2735991,1.2735991,1.2735991,1.2735991,1.2735991,1.2735991,1.2735991,1.2735991,1.2735991,1.2735991,1.2735991,1.2735991,1.2735991,1.2735991,1.2735991,1.2735991,1.2735991,1.2735991,1.2735991,0
0,1.2735991,1.2735991,1.2735991,1.2735991,1.2735991,1.2735991,1.2735991,1.2735991,1.2735991,1.2735991,1.2735991,1.2735991,1.2735991,1.2735991,1.2735991,1.2735991,1.2735991,1.2735991,1.2735991,1.2735991,1.2735991,1.2735991,1.2735991,1.2735991,1.2735991,1.2735991,1.2735991,1.2735991,1.2735991,1.2735991,1.2735991,1.2735991,1.2735991,1.2735991,1.2735991,1.2735991,1.2735991,1.2735991,1.2735991,1.2735991,1.2735991,1.2735991,1.2735991,1.2735991,1.2735991,1.2735991,1.2735991,1.2735991,1.2735991,1.2735991,1.2735991,1.2735991,1.2735991,1.2735991,1.2735991,1.2735991,1.2735991,1.2735991,1.2735991,1.2735991,1.2735991,1.2735991,1.2735991,1.2735991,1.2735991,1.2735991,1.2735991,0,-1.0499423,-1.0499423,-1.0499423,-1.0499423,-1.0499423,-1.0499423,-1.0499423,-1.0499423,-1.0499423,-1.0499423,-1.0499423,-1.0499423,-1.0499423,-1.0499423,-1.0499423,-1.0499423,-1.0499423,-1.0499423,-1.0499423,-1.0499423,-1.0499423,-1.0499423,-1.0499423,-1.0499423,-1.0499423,-1.0499423,-1.0499423,-1.0499423,-1.0499423,-1.0499423,-1.0499423,-1.0499423,-1.0499423,-1.0499423,-1.0499423,-1.0499423,-1.0499423,-1.0499423,-1.0499423,-1.0499423,-1.0499423,-1.0499423,-1.0499423,-1.0499423,-1.0499423,-1.0499423,-1.0499423,-1.0499423,-1.0499423,-1.0499423,-1.0499423,-1.0499423,-1.0499423,-1.0499423,-1.0499423,-1.0499423,-1.0499423,-1.0499423,-1.0499423,-1.0499423,-1.0499423,-1.0499423,-1.0499423,-1.0499423,-1.0499423,-1.0499423,-1.0499423,-1.0499423,-1.0499423,-1.0499423,-1.0499423,-1.0499423,-1.0499423,-1.0499423,-1.0499423,-1.0499423,-1.0499423,-1.0499423,-1.0499423,-1.0499423,-1.0499423,-1.0499423,-1.0499423,-1.0499423,-1.0499423,-1.0499423,-1.0499423,-1.0499423,-1.0499423,-1.0499423,-1.0499423,-1.0499423,-1.0499423,-1.0499423,-1.0499423,-1.0499423,-1.0499423,-1.0499423,-1.0499423,-1.0499423,-1.0499423,-1.0499423,-1.0499423,-1.0499423,-1.0499423,-1.0499423,-1.0499423,-1.0499423,-1.0499423,-1.0499423,-1.0499423,-1.0499423,-1.0499423,-1.0499423,-1.0499423,-1.0499423,-1.0499423,-1.0499423,-1.0499423,-1.0499423,-1.0499423,-1.0499423,-1.0499423,-1.0499423,-1.0499423,-1.0499423,-1.0499423,-1.0499423,0
0,-1.0499423,-1.0499423,-1.0499423,-1.0499423,-1.0499423,-1.0499423,-1.0499423,-1.0499423,-1.0499423,-1.0499423,-1.0499423,-1.0499423,-1.0499423,-1.0499423,-1.0499423,-1.0499423,-1.0499423,-1.0499423,-1.0499423,-1.0499423,-1.0499423,-1.0499423,-1.0499423,-1.0499423,-1.0499423,-1.0499423,-1.0499423,-1.0499423,-1.0499423,-1.0499423,-1.0499423,-1.0499423,-1.0499423,-1.0499423,-1.0499423,-1.0499423,-1.0499423,-1.0499423,-1.0499423,-1.0499423,-1.0499423,-1.0499423,-1.0499423,-1.0499423,-1.0499423,-1.0499423,-1.0499423,-1.0499423,-1.0499423,-1.0499423,-1.0499423,-1.0499423,-1.0499423,-1.0499423,-1.0499423,-1.0499423,-1.0499423,-1.0499423,-1.0499423,-1.0499423,-1.0499423,-1.0499423,-1.0499423,-1.0499423,-1.0499423,-1.0499423,-1.0499423,-1.0499423,-1.0499423,-1.0499423,-1.0499423,-1.0499423,-1.0499423,-1.0499423,-1.0499423,-1.0499423,-1.0499423,-1.0499423,-1.0499423,-1.0499423,-1.0499423,-1.0499423,-1.0499423,-1.0499423,-1.0499423,-1.0499423,-1.0499423,-1.0499423,-1.0499423,-1.0499423,-1.0499423,-1.0499423,-1.0499423,-1.0499423,-1.0499423,-1.0499423,-1.0499423,-1.0499423,-1.0499423,-1.0499423,-1.0499423,-1.0499423,-1.0499423,-1.0499423,-1.0499423,-1.0499423,-1.0499423,-1.0499423,-1.0499423,-1.0499423,-1.0499423,-1.0499423,-1.0499423,-1.0499423,-1.0499423,-1.0499423,-1.0499423,-1.0499423,-1.0499423,-1.0499423,-1.0499423,-1.0499423,-1.0499423,-1.0499423,-1.0499423,-1.0499423,-1.0499423,-1.0499423,-1.0499423,-1.0499423,-1.0499423,-1.0499423,-1.0499423,-1.0499423,-1.0499423,-1.0499423,-1.0499423,-1.0499423,-1.0499423,-1.0499423,-1.0499423,-1.0499423,-1.0499423,-1.0499423,-1.0499423,-1.0499423,-1.0499423,-1.0499423,-1.0499423,-1.0499423,-1.0499423,-1.0499423,-1.0499423,-1.0499423,-1.0499423,-1.0499423,-1.0499423,-1.0499423,-1.0499423,-1.0499423,-1.0499423,-1.0499423,-1.0499423,-1.0499423,-1.0499423,-1.0499423,-1.0499423,-1.0499423,-1.0499423,-1.0499423,-1.0499423,-1.0499423,-1.0499423,-1.0499423,-1.0499423,-1.0499423,-1.0499423,-1.0499423,-1.0499423,-1.0499423,-1.0499423,-1.0499423,-1.0499423,-1.0499423,-1.0499423,-1.0499423,-1.0499423,-1.0499423,-1.0499423,-1.0499423,-1.0499423,-1.0499423,-1.0499423,-1.0499423,-1.0499423,-1.0499423,0
0,-1.0499423,-1.0499423,-1.0499423,-1.0499423,-1.0499423,-1.0499423,-1.0499423,-1.0499423,-1.0499423,-1.0499423,-1.0499423,-1.0499423,-1.0499423,-1.0499423,-1.0499423,-1.0499423,-1.0499423,-1.0499423,-1.0499423,-1.0499423,-1.0499423,-1.0499423,-1.0499423,-1.0499423,-1.0499423,-1.0499423,-1.0499423,-1.0499423,-1.0499423,-1.0499423,-1.0499423,-1.0499423,-1.0499423,-1.0499423,-1.0499423,-1.0499423,-1.0499423,-1.0499423,-1.0499423,-1.0499423,-1.0499423,-1.0499423,-1.0499423,-1.0499423,-1.0499423,-1.0499423,-1.0499423,-1.0499423,-1.0499423,-1.0499423,-1.0499423,-1.0499423,-1.0499423,-1.0499423,-1.0499423,-1.0499423,-1.0499423,-1.0499423,-1.0499423,-1.0499423,-1.0499423,-1.0499423,-1.0499423,-1.0499423,-1.0499423,-1.0499423,-1.0499423,-1.0499423,-1.0499423,-1.0499423,-1.0499423,-1.0499423,-1.0499423,-1.0499423,-1.0499423,-1.0499423,-1.0499423,-1.0499423,-1.0499423,-1.0499423,-1.0499423,-1.0499423,-1.0499423,-1.0499423,-1.0499423,-1.0499423,-1.0499423,-1.0499423,-1.0499423,-1.0499423,-1.0499423,-1.0499423,-1.0499423,-1.0499423,-1.0499423,-1.0499423,-1.0499423,-1.0499423,-1.0499423,-1.0499423,-1.0499423,-1.0499423,-1.0499423,-1.0499423,-1.0499423,-1.0499423,-1.0499423,-1.0499423,-1.0499423,-1.0499423,-1.0499423,-1.0499423,-1.0499423,-1.0499423,-1.0499423,-1.0499423,-1.0499423,-1.0499423,-1.0499423,-1.0499423,-1.0499423,-1.0499423,-1.0499423,-1.0499423,-1.0499423,-1.0499423,-1.0499423,-1.0499423,-1.0499423,-1.0499423,-1.0499423,-1.0499423,-1.0499423,-1.0499423,-1.0499423,-1.0499423,-1.0499423,-1.0499423,-1.0499423,-1.0499423,-1.0499423,-1.0499423,-1.0499423,-1.0499423,-1.0499423,-1.0499423,-1.0499423,-1.0499423,-1.0499423,-1.0499423,-1.0499423,-1.0499423,-1.0499423,-1.0499423,-1.0499423,-1.0499423,-1.0499423,-1.0499423,-1.0499423,-1.0499423,-1.0499423,-1.0499423,-1.0499423,-1.0499423,-1.0499423,-1.0499423,-1.0499423,-1.0499423,-1.0499423,-1.0499423,-1.0499423,-1.0499423,-1.0499423,-1.0499423,-1.0499423,-1.0499423,-1.0499423,-1.0499423,-1.0499423,-1.0499423,-1.0499423,-1.0499423,-1.0499423,-1.0499423,-1.0499423,-1.0499423,-1.0499423,-1.0499423,-1.0499423,-1.0499423,-1.0499423,-1.0499423,-1.0499423,-1.0499423,-1.0499423,-1.0499423,0
0,-1.0499423,-1.0499423,-1.0499423,-1.0499423,-1.0499423,-1.0499423,-1.0499423,-1.0499423,-1.0499423,-1.0499423,-1.0499423,-1.0499423,-1.0499423,-1.0499423,-1.0499423,-1.0499423,-1.0499423,-1.0499423,-1.0499423,-1.0499423,-1.0499423,-1.0499423,-1.0499423,-1.0499423,-1.0499423,-1.0499423,-1.0499423,-1.0499423,-1.0499423,-1.0499423,-1.0499423,-1.0499423,-1.0499423,-1.0499423,-1.0499423,-1.0499423,-1.0499423,-1.0499423,-1.0499423,-1.0499423,-1.0499423,-1.0499423,-1.0499423,-1.0499423,-1.0499423,-1.0499423,-1.0499423,-1.0499423,-1.0499423,-1.0499423,-1.0499423,-1.0499423,-1.0499423,-1.0499423,-1.0499423,-1.0499423,-1.0499423,-1.0499423,-1.0499423,-1.0499423,-1.0499423,-1.0499423,-1.0499423,-1.0499423,-1.0499423,-1.0499423,-1.0499423,-1.0499423,-1.0499423,-1.0499423,-1.0499423,-1.0499423,-1.0499423,-1.0499423,-1.0499423,-1.0499423,-1.0499423,-1.0499423,-1.0499423,-1.0499423,-1.0499423,-1.0499423,-1.0499423,-1.0499423,-1.0499423,-1.0499423,-1.0499423,-1.0499423,-1.0499423,-1.0499423,-1.0499423,-1.0499423,-1.0499423,-1.0499423,-1.0499423,-1.0499423,-1.0499423,-1.0499423,-1.0499423,-1.0499423,-1.0499423,-1.0499423,-1.0499423,-1.0499423,-1.0499423,-1.0499423,-1.0499423,-1.0499423,-1.0499423,-1.0499423,-1.0499423,-1.0499423,-1.0499423,-1.0499423,-1.0499423,-1.0499423,-1.0499423,-1.0499423,-1.0499423,-1.0499423,-1.0499423,-1.0499423,-1.0499423,-1.0499423,-1.0499423,-1.0499423,-1.0499423,-1.0499423,-1.0499423,-1.0499423,-1.0499423,-1.0499423,-1.0499423,-1.0499423,-1.0499423,-1.0499423,-1.0499423,-1.0499423,-1.0499423,-1.0499423,-1.0499423,-1.0499423,-1.0499423,-1.0499423,-1.0499423,-1.0499423,-1.0499423,-1.0499423,-1.0499423,-1.0499423,-1.0499423,-1.0499423,-1.0499423,-1.0499423,-1.0499423,-1.0499423,-1.0499423,-1.0499423,-1.0499423,-1.0499423,-1.0499423,-1.0499423,-1.0499423,-1.0499423,-1.0499423,-1.0499423,-1.0499423,-1.0499423,-1.0499423,-1.0499423,-1.0499423,-1.0499423,-1.0499423,-1.0499423,-1.0499423,-1.0499423,-1.0499423,-1.0499423,-1.0499423,-1.0499423,-1.0499423,-1.0499423,-1.0499423,-1.0499423,-1.0499423,-1.0499423,-1.0499423,-1.0499423,-1.0499423,-1.0499423,-1.0499423,-1.0499423,-1.0499423,-1.0499423,-1.0499423,-1.0499423,0
0,-1.0499423,-1.0499423,-1.0499423,-1.0499423,-1.0499423,-1.0499423,-1.0499423,-1.0499423,-1.0499423,-1.0499423,-1.0499423,-1.0499423,-1.0499423,-1.0499423,-1.0499423,-1.0499423,-1.0499423,-1.0499423,-1.0499423,-1.0499423,-1.0499423,-1.0499423,-1.0499423,-1.0499423,-1.0499423,-1.0499423,-1.0499423,-1.0499423,-1.0499423,-1.0499423,-1.0499423,-1.0499423,-1.0499423,-1.0499423,-1.0499423,-1.0499423,-1.0499423,-1.0499423,-1.0499423,-1.0499423,-1.0499423,-1.0499423,-1.0499423,-1.0499423,-1.0499423,-1.0499423,-1.0499423,-1.0499423,-1.0499423,-1.0499423,-1.0499423,-1.0499423,-1.0499423,-1.0499423,-1.0499423,-1.0499423,-1.0499423,-1.0499423,-1.0499423,-1.0499423,-1.0499423,-1.0499423,-1.0499423,-1.0499423,-1.0499423,-1.0499423,-1.0499423,-1.0499423,-1.0499423,-1.0499423,-1.0499423,-1.0499423,-1.0499423,-1.0499423,-1.0499423,-1.0499423,-1.0499423,-1.0499423,-1.0499423,-1.0499423,-1.0499423,-1.0499423,-1.0499423,-1.0499423,-1.0499423,-1.0499423,-1.0499423,-1.0499423,-1.0499423,-1.0499423,-1.0499423,-1.0499423,-1.0499423,-1.0499423,-1.0499423,-1.0499423,-1.0499423,-1.0499423,-1.0499423,-1.0499423,-1.0499423,-1.0499423,-1.0499423,-1.0499423,-1.0499423,-1.0499423,-1.0499423,-1.0499423,-1.0499423,-1.0499423,-1.0499423,-1.0499423,-1.0499423,-1.0499423,-1.0499423,-1.0499423,-1.0499423,-1.0499423,-1.0499423,-1.0499423,-1.0499423,-1.0499423,-1.0499423,-1.0499423,-1.0499423,-1.0499423,-1.0499423,-1.0499423,-1.0499423,-1.0499423,-1.0499423,-1.0499423,-1.0499423,-1.0499423,-1.0499423,-1.0499423,-1.0499423,-1.0499423,-1.0499423,-1.0499423,-1.0499423,-1.0499423,-1.0499423,-1.0499423,-1.0499423,-1.0499423,-1.0499423,-1.0499423,-1.0499423,-1.0499423,-1.0499423,-1.0499423,-1.0499423,-1.0499423,-1.0499423,-1.0499423,-1.0499423,-1.0499423,-1.0499423,-1.0499423,-1.0499423,-1.0499423,-1.0499423,-1.0499423,-1.0499423,-1.0499423,-1.0499423,-1.0499423,-1.0499423,-1.0499423,-1.0499423,-1.0499423,-1.0499423,-1.0499423,-1.0499423,-1.0499423,-1.0499423,-1.0499423,-1.0499423,-1.0499423,-1.0499423,-1.0499423,-1.0499423,-1.0499423,-1.0499423,-1.0499423,-1.0499423,-1.0499423,-1.0499423,-1.0499423,-1.0499423,-1.0499423,-1.0499423,-1.0499423,-1.0499423,-1.0499423,0
0,-1.0499423,-1.0499423,-1.0499423,-1.0499423,-1.0499423,-1.0499423,-1.0499423,-1.0499423,-1.0499423,-1.0499423,-1.0499423,-1.0499423,-1.0499423,-1.0499423,-1.0499423,-1.0499423,-1.0499423,-1.0499423,-1.0499423,-1.0499423,-1.0499423,-1.0499423,-1.0499423,-1.0499423,-1.0499423,-1.0499423,-1.0499423,-1.0499423,-1.0499423,-1.0499423,-1.0499423,-1.0499423,-1.0499423,-1.0499423,-1.0499423,-1.0499423,-1.0499423,-1.0499423,-1.0499423,-1.0499423,-1.0499423,-1.0499423,-1.0499423,-1.0499423,-1.0499423,-1.0499423,-1.0499423,-1.0499423,-1.0499423,-1.0499423,-1.0499423,-1.0499423,-1.0499423,-1.0499423,-1.0499423,-1.0499423,-1.0499423,-1.0499423,-1.0499423,-1.0499423,-1.0499423,-1.0499423,-1.0499423,-1.0499423,-1.0499423,-1.0499423,-1.0499423,-1.0499423,-1.0499423,-1.0499423,-1.0499423,-1.0499423,-1.0499423,-1.0499423,-1.0499423,-1.0499423,-1.0499423,-1.0499423,-1.0499423,-1.0499423,-1.0499423,-1.0499423,-1.0499423,-1.0499423,-1.0499423,-1.0499423,-1.0499423,-1.0499423,-1.0499423,-1.0499423,-1.0499423,-1.0499423,-1.0499423,-1.0499423,-1.0499423,-1.0499423,-1.0499423,-1.0499423,-1.0499423,-1.0499423,-1.0499423,-1.0499423,-1.0499423,-1.0499423,-1.0499423,-1.0499423,-1.0499423,-1.0499423,-1.0499423,-1.0499423,-1.0499423,-1.0499423,-1.0499423,-1.0499423,-1.0499423,-1.0499423,-1.0499423,-1.0499423,-1.0499423,-1.0499423,-1.0499423,-1.0499423,-1.0499423,-1.0499423,-1.0499423,-1.0499423,-1.0499423,-1.0499423,-1.0499423,-1.0499423,-1.0499423,-1.0499423,-1.0499423,-1.0499423,-1.0499423,-1.0499423,-1.0499423,-1.0499423,-1.0499423,-1.0499423,-1.0499423,-1.0499423,-1.0499423,-1.0499423,-1.0499423,-1.0499423,-1.0499423,-1.0499423,-1.0499423,-1.0499423,-1.0499423,-1.0499423,-1.0499423,-1.0499423,-1.0499423,-1.0499423,-1.0499423,-1.0499423,-1.0499423,-1.0499423,-1.0499423,-1.0499423,-1.0499423,-1.0499423,-1.0499423,-1.0499423,-1.0499423,-1.0499423,-1.0499423,-1.0499423,-1.0499423,-1.0499423,-1.0499423,-1.0499423,-1.0499423,-1.0499423,-1.0499423,-1.0499423,-1.0499423,-1.0499423,-1.0499423,-1.0499423,-1.0499423,-1.0499423,-1.0499423,-1.0499423,-1.0499423,-1.0499423,-1.0499423,-1.0499423,-1.0499423,-1.0499423,-1.0499423,-1.0499423,-1.0499423,-1.0499423,0
0,-1.0499423,-1.0499423,-1.0499423,-1.0499423,-1.0499423,-1.0499423,-1.0499423,-1.0499423,-1.0499423,-1.0499423,-1.0499423,-1.0499423,-1.0499423,-1.0499423,-1.0499423,-1.0499423,-1.0499423,-1.0499423,-1.0499423,-1.0499423,-1.0499423,-1.0499423,-1.0499423,-1.0499423,-1.0499423,-1.0499423,-1.0499423,-1.0499423,-1.0499423,-1.0499423,-1.0499423,-1.0499423,-1.0499423,-1.0499423,-1.0499423,-1.0499423,-1.0499423,-1.0499423,-1.0499423,-1.0499423,-1.0499423,-1.0499423,-1.0499423,-1.0499423,-1.0499423,-1.0499423,-1.0499423,-1.0499423,-1.0499423,-1.0499423,-1.0499423,-1.0499423,-1.0499423,-1.0499423,-1.0499423,-1.0499423,-1.0499423,-1.0499423,-1.0499423,-1.0499423,-1.0499423,-1.0499423,-1.0499423,-1.0499423,-1.0499423,-1.0499423,-1.0499423,-1.0499423,-1.0499423,-1.0499423,-1.0499423,-1.0499423,-1.0499423,-1.0499423,-1.0499423,-1.0499423,-1.0499423,-1.0499423,-1.0499423,-1.0499423,-1.0499423,-1.0499423,-1.0499423,-1.0499423,-1.0499423,-1.0499423,-1.0499423,-1.0499423,-1.0499423,-1.0499423,-1.0499423,-1.0499423,-1.0499423,-1.0499423,-1.0499423,-1.0499423,-1.0499423,-1.0499423,-1.0499423,-1.0499423,-1.0499423,-1.0499423,-1.0499423,-1.0499423,-1.0499423,-1.0499423,-1.0499423,-1.0499423,-1.0499423,-1.0499423,-1.0499423,-1.0499423,-1.0499423,-1.0499423,-1.0499423,-1.0499423,-1.0499423,-1.0499423,-1.0499423,-1.0499423,-1.0499423,-1.0499423,-1.0499423,-1.0499423,-1.0499423,-1.0499423,-1.0499423,-1.0499423,-1.0499423,-1.0499423,-1.0499423,-1.0499423,-1.0499423,-1.0499423,-1.0499423,-1.0499423,-1.0499423,-1.0499423,-1.0499423,-1.0499423,-1.0499423,-1.0499423,-1.0499423,-1.0499423,-1.0499423,-1.0499423,-1.0499423,-1.0499423,-1.0499423,-1.0499423,-1.0499423,-1.0499423,-1.0499423,-1.0499423,-1.0499423,-1.0499423,-1.0499423,-1.0499423,-1.0499423,0,0,0,0,0,0,0,0,0.4816011,0.4816011,0.4816011,0.4816011,0.4816011,0.4816011,0.4816011,0.4816011,0.4816011,0.4816011,0.4816011,0.4816011,0.4816011,0.4816011,0.4816011,0.4816011,0.4816011,0.4816011,0.4816011,0.4816011,0.4816011,0.4816011,0.4816011,0.4816011,0.4816011,0.4816011,0.4816011,0.4816011,0.4816011,0
0,0.4816011,0.4816011,0.4816011,0.4816011,0.4816011,0.4816011,0.4816011,0.4816011,0.4816011,0.4816011,0.4816011,0.4816011,0.4816011,0.4816011,0.4816011,0.4816011,0.4816011,0.4816011,0.4816011,0.4816011,0.4816011,0.4816011,0.4816011,0.4816011,0.4816011,0.4816011,0.4816011,0.4816011,0.4816011,0.4816011,0.4816011,0.4816011,0.4816011,0.4816011,0.4816011,0.4816011,0.4816011,0.4816011,0.4816011,0.4816011,0.4816011,0.4816011,0.4816011,0.4816011,0.4816011,0.4816011,0.4816011,0.4816011,0.4816011,0.4816011,0.4816011,0.4816011,0.4816011,0.4816011,0.4816011,0.4816011,0.4816011,0.4816011,0.4816011,0.4816011,0.4816011,0.4816011,0.4816011,0.4816011,0.4816011,0.4816011,0.4816011,0.4816011,0.4816011,0.4816011,0.4816011,0.4816011,0.4816011,0.4816011,0.4816011,0.4816011,0.4816011,0.4816011,0.4816011,0.4816011,0.4816011,0.4816011,0.4816011,0.4816011,0.4816011,0.4816011,0.4816011,0.4816011,0.4816011,0.4816011,0.4816011,0.4816011,0.4816011,0.4816011,0.4816011,0.4816011,0.4816011,0.4816011,0.4816011,0.4816011,0.4816011,0.4816011,0.4816011,0.4816011,0.4816011,0.4816011,0.4816011,0.4816011,0.4816011,0.4816011,0.4816011,0.4816011,0.4816011,0.4816011,0.4816011,0.4816011,0.4816011,0.4816011,0.4816011,0.4816011,0.4816011,0.4816011,0.4816011,0.4816011,0.4816011,0.4816011,0.4816011,0.4816011,0.4816011,0.4816011,0.4816011,0.4816011,0.4816011,0.4816011,0.4816011,0.4816011,0.4816011,0.4816011,0.4816011,0.4816011,0.4816011,0.4816011,0.4816011,0.4816011,0.4816011,0.4816011,0.4816011,0.4816011,0.4816011,0.4816011,0.4816011,0.4816011,0.4816011,0.4816011,0.4816011,0.4816011,0.4816011,0.4816011,0.4816011,0.4816011,0.4816011,0.4816011,0.4816011,0.4816011,0.4816011,0.4816011,0.4816011,0.4816011,0.4816011,0.4816011,0.4816011,0.4816011,0.4816011,0.4816011,0.4816011,0.4816011,0.4816011,0.4816011,0.4816011,0.4816011,0.4816011,0.4816011,0.4816011,0.4816011,0.4816011,0.4816011,0.4816011,0.4816011,0.4816011,0.4816011,0.4816011,0.4816011,0.4816011,0.4816011,0.4816011,0.4816011,0
0,0.4816011,0.4816011,0.4816011,0.4816011,0.4816011,0.4816011,0.4816011,0.4816011,0.4816011,0.4816011,0.4816011,0.4816011,0.4816011,0.4816011,0.4816011,0.4816011,0.4816011,0.4816011,0.4816011,0.4816011,0.4816011,0.4816011,0.4816011,0.4816011,0.4816011,0.4816011,0.4816011,0.4816011,0.4816011,0.4816011,0.4816011,0.4816011,0.4816011,0.4816011,0.4816011,0.4816011,0.4816011,0.4816011,0.4816011,0.4816011,0.4816011,0.4816011,0.4816011,0.4816011,0.4816011,0.4816011,0.4816011,0.4816011,0.4816011,0.4816011,0.4816011,0.4816011,0.4816011,0.4816011,0.4816011,0.4816011,0.4816011,0.4816011,0.4816011,0.4816011,0.4816011,0.4816011,0.4816011,0.4816011,0.4816011,0.4816011,0.4816011,0.4816011,0.4816011,0.4816011,0.4816011,0.4816011,0.4816011,0.4816011,0.4816011,0.4816011,0.4816011,0.4816011,0.4816011,0.4816011,0.4816011,0.4816011,0.4816011,0.4816011,0.4816011,0.4816011,0.4816011,0.4816011,0.4816011,0.4816011,0.4816011,0.4816011,0.4816011,0.4816011,0.4816011,0.4816011,0.4816011,0.4816011,0.4816011,0.4816011,0.4816011,0.4816011,0.4816011,0.4816011,0.4816011,0.4816011,0.4816011,0.4816011,0.4816011,0.4816011,0.4816011,0.4816011,0.4816011,0.4816011,0.4816011,0.4816011,0.4816011,0.4816011,0.4816011,0.4816011,0.4816011,0.4816011,0.4816011,0.4816011,0.4816011,0.4816011,0.4816011,0.4816011,0.4816011,0.4816011,0.4816011,0.4816011,0.4816011,0.4816011,0.4816011,0.4816011,0.4816011,0.4816011,0.4816011,0.4816011,0.4816011,0.4816011,0.4816011,0.4816011,0.4816011,0.4816011,0.4816011,0.4816011,0.4816011,0.4816011,0.4816011,0.4816011,0.4816011,0.4816011,0.4816011,0.4816011,0.4816011,0.4816011,0.4816011,0.4816011,0.4816011,0.4816011,0.4816011,0.4816011,0.4816011,0.4816011,0.4816011,0.4816011,0.4816011,0.4816011,0.4816011,0.4816011,0.4816011,0.4816011,0.4816011,0.4816011,0.4816011,0.4816011,0.4816011,0.4816011,0.4816011,0.4816011,0.4816011,0.4816011,0.4816011,0.4816011,0.4816011,0.4816011,0.4816011,0.4816011,0.4816011,0.4816011,0.4816011,0.4816011,0.4816011,0.4816011,0
0,0.4816011,0.4816011,0.4816011,0.4816011,0.4816011,0.4816011,0.4816011,0.4816011,0.4816011,0.4816011,0.4816011,0.4816011,0.4816011,0.4816011,0.4816011,0.4816011,0.4816011,0.4816011,0.4816011,0.4816011,0.4816011,0.4816011,0.4816011,0.4816011,0.4816011,0.4816011,0.4816011,0.4816011,0.4816011,0.4816011,0.4816011,0.4816011,0.4816011,0.4816011,0.4816011,0.4816011,0.4816011,0.4816011,0.4816011,0.4816011,0.4816011,0.4816011,0.4816011,0.4816011,0.4816011,0.4816011,0.4816011,0.4816011,0.4816011,0.4816011,0.4816011,0.4816011,0.4816011,0.4816011,0.4816011,0.4816011,0.4816011,0.4816011,0.4816011,0.4816011,0.4816011,0.4816011,0.4816011,0.4816011,0.4816011,0.4816011,0.4816011,0.4816011,0.4816011,0.4816011,0.4816011,0.4816011,0.4816011,0.4816011,0.4816011,0.4816011,0.4816011,0.4816011,0.4816011,0.4816011,0.4816011,0.4816011,0.4816011,0.4816011,0.4816011,0.4816011,0.4816011,0.4816011,0.4816011,0.4816011,0.4816011,0.4816011,0.4816011,0.4816011,0.4816011,0.4816011,0.4816011,0.4816011,0.4816011,0.4816011,0.4816011,0.4816011,0.4816011,0.4816011,0.4816011,0.4816011,0.4816011,0.4816011,0.4816011,0.4816011,0.4816011,0.4816011,0.4816011,0.4816011,0.4816011,0.4816011,0.4816011,0.4816011,0.4816011,0.4816011,0.4816011,0.4816011,0.4816011,0.4816011,0.4816011,0.4816011,0.4816011,0.4816011,0.4816011,0.4816011,0.4816011,0.4816011,0.4816011,0.4816011,0.4816011,0.4816011,0.4816011,0.4816011,0.4816011,0.4816011,0.4816011,0.4816011,0.4816011,0.4816011,0.4816011,0.4816011,0.4816011,0.4816011,0.4816011,0.4816011,0.4816011,0.4816011,0.4816011,0.4816011,0.4816011,0.4816011,0.4816011,0.4816011,0.4816011,0.4816011,0.4816011,0.4816011,0.4816011,0.4816011,0.4816011,0.4816011,0.4816011,0.4816011,0.4816011,0.4816011,0.4816011,0.4816011,0.4816011,0.4816011,0.4816011,0.4816011,0.4816011,0.4816011,0.4816011,0.4816011,0.4816011,0.4816011,0.4816011,0.4816011,0.4816011,0.4816011,0.4816011,0.4816011,0.4816011,0.4816011,0.4816011,0.4816011,0.4816011,0.4816011,0.4816011,0.4816011,0
0,0.4816011,0.4816011,0.4816011,0.4816011,0.4816011,0.4816011,0.4816011,0.4816011,0.4816011,0.4816011,0.4816011,0.4816011,0.4816011,0.4816011,0.4816011,0.4816011,0.4816011,0.4816011,0.4816011,0.4816011,0.4816011,0.4816011,0.4816011,0.4816011,0.4816011,0.4816011,0.4816011,0.4816011,0.4816011,0.4816011,0.4816011,0.4816011,0.4816011,0.4816011,0.4816011,0.4816011,0.4816011,0.4816011,0.4816011,0.4816011,0.4816011,0.4816011,0.4816011,0.4816011,0.4816011,0.4816011,0.4816011,0.4816011,0.4816011,0.4816011,0.4816011,0.4816011,0.4816011,0.4816011,0.4816011,0.4816011,0.4816011,0.4816011,0.4816011,0.4816011,0.4816011,0.4816011,0.4816011,0.4816011,0.4816011,0.4816011,0.4816011,0.4816011,0.4816011,0.4816011,0.4816011,0.4816011,0.4816011,0.4816011,0.4816011,0.4816011,0.4816011,0.4816011,0.4816011,0.4816011,0.4816011,0.4816011,0.4816011,0.4816011,0.4816011,0.4816011,0.4816011,0.4816011,0.4816011,0.4816011,0.4816011,0.4816011,0.4816011,0.4816011,0.4816011,0.4816011,0.4816011,0.4816011,0.4816011,0.4816011,0.4816011,0.4816011,0.4816011,0.4816011,0.4816011,0.4816011,0.4816011,0.4816011,0.4816011,0.4816011,0.4816011,0.4816011,0.4816011,0.4816011,0.4816011,0.4816011,0.4816011,0.4816011,0.4816011,0.4816011,0.4816011,0.4816011,0.4816011,0.4816011,0.4816011,0.4816011,0.4816011,0.4816011,0.4816011,0.4816011,0.4816011,0.4816011,0.4816011,0.4816011,0.4816011,0.4816011,0.4816011,0.4816011,0.4816011,0.4816011,0.4816011,0.4816011,0.4816011,0.4816011,0.4816011,0.4816011,0.4816011,0.4816011,0.4816011,0.4816011,0.4816011,0.4816011,0.4816011,0.4816011,0.4816011,0.4816011,0.4816011,0.4816011,0.4816011,0.4816011,0.4816011,0.4816011,0.4816011,0.4816011,0.4816011,0.4816011,0.4816011,0.4816011,0.4816011,0.4816011,0.4816011,0.4816011,0.4816011,0.4816011,0.4816011,0.4816011,0.4816011,0.4816011,0.4816011,0.4816011,0.4816011,0.4816011,0.4816011,0.4816011,0.4816011,0.4816011,0.4816011,0.4816011,0.4816011,0.4816011,0.4816011,0.4816011,0.4816011,0.4816011,0.4816011,0.4816011,0
0,0.4816011,0.4816011,0.4816011,0.4816011,0.4816011,0.4816011,0.4816011,0.4816011,0.4816011,0.4816011,0.4816011,0.4816011,0.4816011,0.4816011,0.4816011,0.4816011,0.4816011,0.4816011,0.4816011,0.4816011,0.4816011,0.4816011,0.4816011,0.4816011,0.4816011,0.4816011,0.4816011,0.4816011,0.4816011,0.4816011,0.4816011,0.4816011,0.4816011,0.4816011,0.4816011,0.4816011,0.4816011,0.4816011,0.4816011,0.4816011,0.4816011,0.4816011,0.4816011,0.4816011,0.4816011,0.4816011,0.4816011,0.4816011,0.4816011,0.4816011,0.4816011,0.4816011,0.4816011,0.4816011,0.4816011,0.4816011,0.4816011,0.4816011,0.4816011,0.4816011,0.4816011,0.4816011,0.4816011,0.4816011,0.4816011,0.4816011,0.4816011,0.4816011,0.4816011,0.4816011,0.4816011,0.4816011,0.4816011,0.4816011,0.4816011,0.4816011,0.4816011,0.4816011,0.4816011,0.4816011,0.4816011,0.4816011,0.4816011,0.4816011,0.4816011,0.4816011,0.4816011,0.4816011,0.4816011,0.4816011,0.4816011,0.4816011,0.4816011,0.4816011,0.4816011,0.4816011,0.4816011,0.4816011,0.4816011,0.4816011,0.4816011,0.4816011,0.4816011,0.4816011,0.4816011,0.4816011,0.4816011,0.4816011,0.4816011,0.4816011,0.4816011,0.4816011,0.4816011,0.4816011,0.4816011,0.4816011,0.4816011,0.4816011,0.4816011,0.4816011,0.4816011,0.4816011,0.4816011,0.4816011,0.4816011,0.4816011,0.4816011,0.4816011,0.4816011,0.4816011,0.4816011,0.4816011,0.4816011,0.4816011,0.4816011,0.4816011,0.4816011,0.4816011,0.4816011,0.4816011,0.4816011,0.4816011,0.4816011,0.4816011,0.4816011,0.4816011,0.4816011,0.4816011,0.4816011,0.4816011,0.4816011,0.4816011,0.4816011,0.4816011,0.4816011,0.4816011,0.4816011,0.4816011,0.4816011,0.4816011,0.4816011,0.4816011,0.4816011,0.4816011,0.4816011,0.4816011,0.4816011,0.4816011,0.4816011,0.4816011,0.4816011,0.4816011,0.4816011,0.4816011,0.4816011,0.4816011,0.4816011,0.4816011,0.4816011,0.4816011,0.4816011,0.4816011,0.4816011,0.4816011,0.4816011,0.4816011,0.4816011,0.4816011,0.4816011,0.4816011,0.4816011,0.4816011,0.4816011,0.4816011,0.4816011,0.4816011,0
0,0.4816011,0.4816011,0.4816011,0.4816011,0.4816011,0.4816011,0.4816011,0.4816011,0.4816011,0.4816011,0.4816011,0.4816011,0.4816011,0.4816011,0.4816011,0.4816011,0.4816011,0.4816011,0.4816011,0.4816011,0.4816011,0.4816011,0.4816011,0.4816011,0.4816011,0.4816011,0.4816011,0.4816011,0.4816011,0.4816011,0.4816011,0.4816011,0.4816011,0.4816011,0.4816011,0.4816011,0.4816011,0.4816011,0.4816011,0.4816011,0.4816011,0.4816011,0.4816011,0.4816011,0.4816011,0.4816011,0.4816011,0.4816011,0.4816011,0.4816011,0.4816011,0.4816011,0.4816011,0.4816011,0.4816011,0.4816011,0.4816011,0.4816011,0.4816011,0.4816011,0.4816011,0.4816011,0.4816011,0.4816011,0.4816011,0.4816011,0.4816011,0.4816011,0.4816011,0.4816011,0.4816011,0.4816011,0.4816011,0.4816011,0.4816011,0.4816011,0.4816011,0.4816011,0.4816011,0.4816011,0.4816011,0.4816011,0.4816011,0.4816011,0.4816011,0.4816011,0.4816011,0.4816011,0.4816011,0.4816011,0.4816011,0.4816011,0.4816011,0.4816011,0.4816011,0.4816011,0.4816011,0.4816011,0.4816011,0.4816011,0.4816011,0.4816011,0.4816011,0.4816011,0.4816011,0.4816011,0.4816011,0.4816011,0.4816011,0.4816011,0.4816011,0.4816011,0.4816011,0.4816011,0.4816011,0.4816011,0.4816011,0.4816011,0.4816011,0.4816011,0.4816011,0.4816011,0.4816011,0.4816011,0.4816011,0.4816011,0.4816011,0.4816011,0.4816011,0.4816011,0.4816011,0.4816011,0.4816011,0.4816011,0.4816011,0.4816011,0.4816011,0.4816011,0.4816011,0.4816011,0.4816011,0.4816011,0.4816011,0.4816011,0.4816011,0.4816011,0.4816011,0.4816011,0.4816011,0.4816011,0.4816011,0.4816011,0.4816011,0.4816011,0.4816011,0.4816011,0.4816011,0.4816011,0.4816011,0.4816011,0.4816011,0.4816011,0.4816011,0.4816011,0.4816011,0.4816011,0.4816011,0.4816011,0.4816011,0.4816011,0.4816011,0.4816011,0.4816011,0.4816011,0.4816011,0.4816011,0.4816011,0.4816011,0.4816011,0.4816011,0.4816011,0.4816011,0.4816011,0.4816011,0.4816011,0.4816011,0.4816011,0.4816011,0.4816011,0.4816011,0.4816011,0.4816011,0.4816011,0.4816011,0.4816011,0.4816011,0
0,0.4816011,0.4816011,0.4816011,0.4816011,0.4816011,0.4816011,0.4816011,0.4816011,0.4816011,0.4816011,0.4816011,0.4816011,0.4816011,0.4816011,0.4816011,0.4816011,0.4816011,0.4816011,0.4816011,0.4816011,0.4816011,0.4816011,0.4816011,0.4816011,0.4816011,0.4816011,0.4816011,0.4816011,0.4816011,0.4816011,0.4816011,0.4816011,0.4816011,0.4816011,0.4816011,0.4816011,0.4816011,0.4816011,0.4816011,0.4816011,0.4816011,0.4816011,0.4816011,0.4816011,0.4816011,0.4816011,0.4816011,0.4816011,0.4816011,0.4816011,0.4816011,0.4816011,0.4816011,0.4816011,0.4816011,0.4816011,0.4816011,0.4816011,0.4816011,0.4816011,0.4816011,0.4816011,0.4816011,0.4816011,0.4816011,0.4816011,0.4816011,0.4816011,0.4816011,0.4816011,0.4816011,0.4816011,0.4816011,0.4816011,0.4816011,0.4816011,0.4816011,0.4816011,0.4816011,0.4816011,0.4816011,0.4816011,0.4816011,0.4816011,0.4816011,0.4816011,0.4816011,0.4816011,0.4816011,0.4816011,0.4816011,0.4816011,0.4816011,0.4816011,0.4816011,0.4816011,0.4816011,0.4816011,0.4816011,0.4816011,0.4816011,0.4816011,0.4816011,0.4816011,0.4816011,0.4816011,0.4816011,0.4816011,0.4816011,0.4816011,0.4816011,0.4816011,0.4816011,0.4816011,0.4816011,0.4816011,0.4816011,0.4816011,0.4816011,0.4816011,0.4816011,0.4816011,0.4816011,0.4816011,0.4816011,0.4816011,0.4816011,0.4816011,0.4816011,0.4816011,0.4816011,0.4816011,0.4816011,0.4816011,0.4816011,0.4816011,0,0,0,0,0,0,0,0,0,0,0,0,0,0,0,0,0,0,0,0,0,0,0,0,0,0,0,0,0,0,0,0,0,0,0,0,0,0,0,0,0,0,0,0,0,0,0,0,0,0,0,0,0,0,0,0,0,0,0,0,0
0,0,0,0,0,0,0,0,0,0,0,0,0,0,0,0,0,0,0,0,0,0,0,0,0,0,0,0,0,0,0,0,0,0,0,0,0,0,0,0,0,0,0,0,0,0,0,0,0,0,0,0,0,0,0,0,0,0,0,0,0,0,0,0,0,0,0,0,0,0,0,0,0,0,0,0,0,0,0,0,0,0,0,0,0,0,0,0,0,0,0,0,0,0,0,0,0,0,0,0,0,0,0,0,0,0,0,0,0,0,0,0,0,0,0,0,0,0,0,0,0,0,0,0,0,0,0,0,0,0,0,0,0,0,0,0,0,0,0,0,0,0,0,0,0,0,0,0,0,0,0,0,0,0,0,0,0,0,0,0,0,0,0,0,0,0,0,0,0,0,0,0,0,0,0,0,0,0,0,0,0,0,0,0,0,0,0,0,0,0,0,0,0,0,0,0,0,0
0,0,0,0,0,0,0,0,0,0,0,0,0,0,0,0,0,0,0,0,0,0,0,0,0,0,0,0,0,0,0,0,0,0,0,0,0,0,0,0,0,0,0,0,0,0,0,0,0,0,0,0,0,0,0,0,0,0,0,0,0,0,0,0,0,0,0,0,0,0,0,0,0,0,0,0,0,0,0,0,0,0,0,0,0,0,0,0,0,0,0,0,0,0,0,0,0,0,0,0,0,0,0,0,0,0,0,0,0,0,0,0,0,0,0,0,0,0,0,0,0,0,0,0,0,0,0,0,0,0,0,0,0,0,0,0,0,0,0,0,0,0,0,0,0,0,0,0,0,0,0,0,0,0,0,0,0,0,0,0,0,0,0,0,0,0,0,0,0,0,0,0,0,0,0,0,0,0,0,0,0,0,0,0,0,0,0,0,0,0,0,0,0,0,0,0,0,0
0,0,0,0,0,0,0,0,0,0,0,0,0,0,0,0,0,0,0,0,0,0,0,0,0,0,0,0,0,0,0,0,0,0,0,0,0,0,0,0,0,0,0,0,0,0,0,0,0,0,0,0,0,0,0,0,0,0,0,0,0,0,0,0,0,0,0,0,0,0,0,0,0,0,0,0,0,0,0,0,0,0,0,0,0,0,0,0,0,0,0,0,0,0,0,0,0,0,0,0,0,0,0,0,0,0,0,0,0,0,0,0,0,0,0,0,0,0,0,0,0,0,0,0,0,0,0,0,0,0,0,0,0,0,0,0,0,0,0,0,0,0,0,0,0,0,0,0,0,0,0,0,0,0,0,0,0,0,0,0,0,0,0,0,0,0,0,0,0,0,0,0,0,0,0,0,0,0,0,0,0,0,0,0,0,0,0,0,0,0,0,0,0,0,0,0,0,0
0,0,0,0,0,0,0,0,0,0,0,0,0,0,0,0,0,0,0,0,0,0,0,0,0,0,0,0,0,0,0,0,0,0,0,0,0,0,0,0,0,0,0,0,0,0,0,0,0,0,0,0,0,0,0,0,0,0,0,0,0,0,0,0,0,0,0,0,0,0,0,0,0,0,0,0,0,0,0,0,0,0,0,0,0,0,0,0,0,0,0,0,0,0,0,0,0,0,0,0,0,0,0,0,0,0,0,0,0,0,0,0,0,0,0,0,0,0,0,0,0,0,0,0,0,0,0,0,0,0,0,0,0,0,0,0,0,0,0,0,0,0,0,0,0,0,0,0,0,0,0,0,0,0,0,0,0,0,0,0,0,0,0,0,0,0,0,0,0,0,0,0,0,0,0,0,0,0,0,0,0,0,0,0,0,0,0,0,0,0,0,0,0,0,0,0,0,0
0,0,0,0,0,0,0,0,0,0,0,0,0,0,0,0,0,0,0,0,0,0,0,0,0,0,0,0,0,0,0,0,0,0,0,0,0,0,0,0,0,0,0,0,0,0,0,0,0,0,0,0,0,0,0,0,0,0,0,0,0,0,0,0,0,0,0,0,0,0,0,0,0,0,0,0,0,0,0,0,0,0,0,0,0,0,0,0,0,0,0,0,0,0,0,0,0,0,0,0,0,0,0,0,0,0,0,0,0,0,0,0,0,0,0,0,0,0,0,0,0,0,0,0,0,0,0,0,0,0,0,0,0,0,0,0,0,0,0,0,0,0,0,0,0,0,0,0,0,0,0,0,0,0,0,0,0,0,0,0,0,0,0,0,0,0,0,0,0,0,0,0,0,0,0,0,0,0,0,0,0,0,0,0,0,0,0,0,0,0,0,0,0,0,0,0,0,0
0,0,0,0,0,0,0,0,0,0,0,0,0,0,0,0,0,0,0,0,0,0,0,0,0,0,0,0,0,0,0,0,0,0,0,0,0,0,0,0,0,0,0,0,0,0,0,0,0,0,0,0,0,0,0,0,0,0,0,0,0,0,0,0,0,0,0,0,0,0,0,0,0,0,0,0,0,0,0,0,0,0,0,0,0,0,0,0,0,0,0,0,0,0,0,0,0,0,0,0,0,0,0,0,0,0,0,0,0,0,0,0,0,0,0,0,0,0,0,0,0,0,0,0,0,0,0,0,0,0,0,0,0,0,0,0,0,0,0,0,0,0,0,0,0,0,0,0,0,0,0,0,0,0,0,0,0,0,0,0,0,0,0,0,0,0,0,0,0,0,0,0,0,0,0,0,0,0,0,0,0,0,0,0,0,0,0,0,0,0,0,0,0,0,0,0,0,0
0,0,0,0,0,0,0,0,0,0,0,0,0,0,0,0,0,0,0,0,0,0,0,0,0,0,0,0,0,0,0,0,0,0,0,0,0,0,0,0,0,0,0,0,0,0,0,0,0,0,0,0,0,0,0,0,0,0,0,0,0,0,0,0,0,0,0,0,0,0,0,0,0,0,0,0,0,0,0,0,0,0,0,0,0,0,0,0,0,0,0,0,0,0,0,0,0,0,0,0,0,0,0,0,0,0,0,0,0,0,0,0,0,0,0,0,0,0,0,0,0,0,0,0,0,0,0,0,0,0,0,0,0,0,0,0,0,0,0,0,0,0,0,0,0,0,0,0,0,0,0,0,0,0,0,0,0,0,0,0,0,0,0,0,0,0,0,0,0,0,0,0,0,0,0,0,0,0,0,0,0,0,0,0,0,0,0,0,0,0,0,0,0,0,0,0,0,0
0,0,0,0,0,0,0,0,0,0,0,0,0,0,0,0,0,0,0,0,0,0,0,0,0,0,0,0,0,0,0,0,0,0,0,0,0,0,0,0,0,0,0,0,0,0,0,0,0,0,0,0,0,0,0,0,0,0,0,0,0,0,0,0,0,0,0,0,0,0,0,0,0,0,0,0,0,0,0,0,0,0,0,0,0,0,0,0,0,0,0,0,0,0,0,0,0,0,0,0,0,0,0,0,0,0,0,0,0,0,0,0,0,0,0,0,0,0,0,0,0,0,0,0,0,0,0,0,0,0,0.3399997,0.3399997,0.3399997,0.3399997,0.3399997,0.3399997,0.3399997,0.3399997,0.3399997,0.3399997,0.3399997,0.3399997,0.3399997,0.3399997,0.3399997,0.3399997,0.3399997,0.3399997,0.3399997,0.3399997,0.3399997,0.3399997,0.3399997,0.3399997,0.3399997,0.3399997,0.3399997,0.3399997,0.3399997,0.3399997,0.3399997,0.3399997,0.3399997,0.3399997,0.3399997,0.3399997,0.3399997,0.3399997,0.3399997,0.3399997,0.3399997,0.3399997,0.3399997,0.3399997,0.3399997,0.3399997,0.3399997,0.3399997,0.3399997,0.3399997,0.3399997,0.3399997,0.3399997,0.3399997,0.3399997,0.3399997,0.3399997,0.3399997,0.3399997,0.3399997,0.3399997,0.3399997,0.3399997,0.3399997,0.3399997,0.3399997,0.3399997,0
0,0.3399997,0.3399997,0.3399997,0.3399997,0.3399997,0.3399997,0.3399997,0.3399997,0.3399997,0.3399997,0.3399997,0.3399997,0.3399997,0.3399997,0.3399997,0.3399997,0.3399997,0.3399997,0.3399997,0.3399997,0.3399997,0.3399997,0.3399997,0.3399997,0.3399997,0.3399997,0.3399997,0.3399997,0.3399997,0.3399997,0.3399997,0.3399997,0.3399997,0.3399997,0.3399997,0.3399997,0.3399997,0.3399997,0.3399997,0.3399997,0.3399997,0.3399997,0.3399997,0.3399997,0.3399997,0.3399997,0.3399997,0.3399997,0.3399997,0.3399997,0.3399997,0.3399997,0.3399997,0.3399997,0.3399997,0.3399997,0.3399997,0.3399997,0.3399997,0.3399997,0.3399997,0.3399997,0.3399997,0.3399997,0.3399997,0.3399997,0.3399997,0.3399997,0.3399997,0.3399997,0.3399997,0.3399997,0.3399997,0.3399997,0.3399997,0.3399997,0.3399997,0.3399997,0.3399997,0.3399997,0.3399997,0.3399997,0.3399997,0.3399997,0.3399997,0.3399997,0.3399997,0.3399997,0.3399997,0.3399997,0.3399997,0.3399997,0.3399997,0.3399997,0.3399997,0.3399997,0.3399997,0.3399997,0.3399997,0.3399997,0.3399997,0.3399997,0.3399997,0.3399997,0.3399997,0.3399997,0.3399997,0.3399997,0.3399997,0.3399997,0.3399997,0.3399997,0.3399997,0.3399997,0.3399997,0.3399997,0.3399997,0.3399997,0.3399997,0.3399997,0.3399997,0.3399997,0.3399997,0.3399997,0.3399997,0.3399997,0.3399997,0.3399997,0.3399997,0.3399997,0.3399997,0.3399997,0.3399997,0.3399997,0.3399997,0.3399997,0.3399997,0.3399997,0.3399997,0.3399997,0.3399997,0.3399997,0.3399997,0.3399997,0.3399997,0.3399997,0.3399997,0.3399997,0.3399997,0.3399997,0.3399997,0.3399997,0.3399997,0.3399997,0.3399997,0.3399997,0.3399997,0.3399997,0.3399997,0.3399997,0.3399997,0.3399997,0.3399997,0.3399997,0.3399997,0.3399997,0.3399997,0.3399997,0.3399997,0.3399997,0.3399997,0.3399997,0.3399997,0.3399997,0.3399997,0.3399997,0.3399997,0.3399997,0.3399997,0.3399997,0.3399997,0.3399997,0.3399997,0.3399997,0.3399997,0.3399997,0.3399997,0.3399997,0.3399997,0.3399997,0.3399997,0.3399997,0.3399997,0.3399997,0.3399997,0.3399997,0
0,0.3399997,0.3399997,0.3399997,0.3399997,0.3399997,0.3399997,0.3399997,0.3399997,0.3399997,0.3399997,0.3399997,0.3399997,0.3399997,0.3399997,0.3399997,0.3399997,0.3399997,0.3399997,0.3399997,0.3399997,0.3399997,0.3399997,0.3399997,0.3399997,0.3399997,0.3399997,0.3399997,0.3399997,0.3399997,0.3399997,0.3399997,0.3399997,0.3399997,0.3399997,0.3399997,0.3399997,0.3399997,0.3399997,0.3399997,0.3399997,0.3399997,0.3399997,0.3399997,0.3399997,0.3399997,0.3399997,0.3399997,0.3399997,0.3399997,0.3399997,0.3399997,0.3399997,0.3399997,0.3399997,0.3399997,0.3399997,0.3399997,0.3399997,0.3399997,0.3399997,0.3399997,0.3399997,0.3399997,0.3399997,0.3399997,0.3399997,0.3399997,0.3399997,0.3399997,0.3399997,0.3399997,0.3399997,0.3399997,0.3399997,0.3399997,0.3399997,0.3399997,0.3399997,0.3399997,0.3399997,0.3399997,0.3399997,0.3399997,0.3399997,0.3399997,0.3399997,0.3399997,0.3399997,0.3399997,0.3399997,0.3399997,0.3399997,0.3399997,0.3399997,0.3399997,0.3399997,0.3399997,0.3399997,0.3399997,0.3399997,0.3399997,0.3399997,0.3399997,0.3399997,0.3399997,0.3399997,0.3399997,0.3399997,0.3399997,0.3399997,0.3399997,0.3399997,0.3399997,0.3399997,0.3399997,0.3399997,0.3399997,0.3399997,0.3399997,0.3399997,0.3399997,0.3399997,0.3399997,0.3399997,0.3399997,0.3399997,0.3399997,0.3399997,0.3399997,0.3399997,0.3399997,0.3399997,0.3399997,0.3399997,0.3399997,0.3399997,0.3399997,0.3399997,0.3399997,0.3399997,0.3399997,0.3399997,0.3399997,0.3399997,0.3399997,0.3399997,0.3399997,0.3399997,0.3399997,0.3399997,0.3399997,0.3399997,0.3399997,0.3399997,0.3399997,0.3399997,0.3399997,0.3399997,0.3399997,0.3399997,0.3399997,0.3399997,0.3399997,0.3399997,0.3399997,0.3399997,0.3399997,0.3399997,0.3399997,0.3399997,0.3399997,0.3399997,0.3399997,0.3399997,0.3399997,0.3399997,0.3399997,0.3399997,0.3399997,0.3399997,0.3399997,0.3399997,0.3399997,0.3399997,0.3399997,0.3399997,0.3399997,0.3399997,0.3399997,0.3399997,0.3399997,0.3399997,0.3399997,0.3399997,0.3399997,0.3399997,0
0,0.3399997,0.3399997,0.3399997,0.3399997,0.3399997,0.3399997,0.3399997,0.3399997,0.3399997,0.3399997,0.3399997,0.3399997,0.3399997,0.3399997,0.3399997,0.3399997,0.3399997,0.3399997,0.3399997,0.3399997,0.3399997,0.3399997,0.3399997,0.3399997,0.3399997,0.3399997,0.3399997,0.3399997,0.3399997,0.3399997,0.3399997,0.3399997,0.3399997,0.3399997,0.3399997,0.3399997,0.3399997,0.3399997,0.3399997,0.3399997,0.3399997,0.3399997,0.3399997,0.3399997,0.3399997,0.3399997,0.3399997,0.3399997,0.3399997,0.3399997,0.3399997,0.3399997,0.3399997,0.3399997,0.3399997,0.3399997,0.3399997,0.3399997,0.3399997,0.3399997,0.3399997,0.3399997,0.3399997,0.3399997,0.3399997,0.3399997,0.3399997,0.3399997,0.3399997,0.3399997,0.3399997,0.3399997,0.3399997,0.3399997,0.3399997,0.3399997,0.3399997,0.3399997,0.3399997,0.3399997,0.3399997,0.3399997,0.3399997,0.3399997,0.3399997,0.3399997,0.3399997,0.3399997,0.3399997,0.3399997,0.3399997,0.3399997,0.3399997,0.3399997,0.3399997,0.3399997,0.3399997,0.3399997,0.3399997,0.3399997,0.3399997,0.3399997,0.3399997,0.3399997,0.3399997,0.3399997,0.3399997,0.3399997,0.3399997,0.3399997,0.3399997,0.3399997,0.3399997,0.3399997,0.3399997,0.3399997,0.3399997,0.3399997,0.3399997,0.3399997,0.3399997,0.3399997,0.3399997,0.3399997,0.3399997,0.3399997,0.3399997,0.3399997,0.3399997,0.3399997,0.3399997,0.3399997,0.3399997,0.3399997,0.3399997,0.3399997,0.3399997,0.3399997,0.3399997,0.3399997,0.3399997,0.3399997,0.3399997,0.3399997,0.3399997,0.3399997,0.3399997,0.3399997,0.3399997,0.3399997,0.3399997,0.3399997,0.3399997,0.3399997,0.3399997,0.3399997,0.3399997,0.3399997,0.3399997,0.3399997,0.3399997,0.3399997,0.3399997,0.3399997,0.3399997,0.3399997,0.3399997,0.3399997,0.3399997,0.3399997,0.3399997,0.3399997,0.3399997,0.3399997,0.3399997,0.3399997,0.3399997,0.3399997,0.3399997,0.3399997,0.3399997,0.3399997,0.3399997,0.3399997,0.3399997,0.3399997,0.3399997,0.3399997,0.3399997,0.3399997,0.3399997,0.3399997,0.3399997,0.3399997,0.3399997,0.3399997,0
0,0.3399997,0.3399997,0.3399997,0.3399997,0.3399997,0.3399997,0.3399997,0.3399997,0.3399997,0.3399997,0.3399997,0.3399997,0.3399997,0.3399997,0.3399997,0.3399997,0.3399997,0.3399997,0.3399997,0.3399997,0.3399997,0.3399997,0.3399997,0.3399997,0.3399997,0.3399997,0.3399997,0.3399997,0.3399997,0.3399997,0.3399997,0.3399997,0.3399997,0.3399997,0.3399997,0.3399997,0.3399997,0.3399997,0.3399997,0.3399997,0.3399997,0.3399997,0.3399997,0.3399997,0.3399997,0.3399997,0.3399997,0.3399997,0.3399997,0.3399997,0.3399997,0.3399997,0.3399997,0.3399997,0.3399997,0.3399997,0.3399997,0.3399997,0.3399997,0.3399997,0.3399997,0.3399997,0.3399997,0.3399997,0.3399997,0.3399997,0.3399997,0.3399997,0.3399997,0.3399997,0.3399997,0.3399997,0.3399997,0.3399997,0.3399997,0.3399997,0.3399997,0.3399997,0.3399997,0.3399997,0.3399997,0.3399997,0.3399997,0.3399997,0.3399997,0.3399997,0.3399997,0.3399997,0.3399997,0.3399997,0.3399997,0.3399997,0.3399997,0.3399997,0.3399997,0.3399997,0.3399997,0.3399997,0.3399997,0.3399997,0.3399997,0.3399997,0.3399997,0.3399997,0.3399997,0.3399997,0.3399997,0.3399997,0.3399997,0.3399997,0.3399997,0.3399997,0.3399997,0.3399997,0.3399997,0.3399997,0.3399997,0.3399997,0.3399997,0.3399997,0.3399997,0.3399997,0.3399997,0.3399997,0.3399997,0.3399997,0.3399997,0.3399997,0.3399997,0.3399997,0.3399997,0.3399997,0.3399997,0.3399997,0.3399997,0.3399997,0.3399997,0.3399997,0.3399997,0.3399997,0.3399997,0.3399997,0.3399997,0.3399997,0.3399997,0.3399997,0.3399997,0.3399997,0.3399997,0.3399997,0.3399997,0.3399997,0.3399997,0.3399997,0.3399997,0.3399997,0.3399997,0.3399997,0.3399997,0.3399997,0.3399997,0.3399997,0.3399997,0.3399997,0.3399997,0.3399997,0.3399997,0.3399997,0.3399997,0.3399997,0.3399997,0.3399997,0.3399997,0.3399997,0.3399997,0.3399997,0.3399997,0.3399997,0.3399997,0.3399997,0.3399997,0.3399997,0.3399997,0.3399997,0.3399997,0.3399997,0.3399997,0.3399997,0.3399997,0.3399997,0.3399997,0.3399997,0.3399997,0.3399997,0.3399997,0.3399997,0
0,0.3399997,0.3399997,0.3399997,0.3399997,0.3399997,0.3399997,0.3399997,0.3399997,0.3399997,0.3399997,0.3399997,0.3399997,0.3399997,0.3399997,0.3399997,0.3399997,0.3399997,0.3399997,0.3399997,0.3399997,0.3399997,0.3399997,0.3399997,0.3399997,0.3399997,0.3399997,0.3399997,0.3399997,0.3399997,0.3399997,0.3399997,0.3399997,0.3399997,0.3399997,0.3399997,0.3399997,0.3399997,0.3399997,0.3399997,0.3399997,0.3399997,0.3399997,0.3399997,0.3399997,0.3399997,0.3399997,0.3399997,0.3399997,0.3399997,0.3399997,0.3399997,0.3399997,0.3399997,0.3399997,0.3399997,0.3399997,0.3399997,0.3399997,0.3399997,0.3399997,0.3399997,0.3399997,0.3399997,0.3399997,0.3399997,0.3399997,0.3399997,0.3399997,0.3399997,0.3399997,0.3399997,0.3399997,0.3399997,0.3399997,0.3399997,0.3399997,0.3399997,0.3399997,0.3399997,0.3399997,0.3399997,0.3399997,0.3399997,0.3399997,0.3399997,0.3399997,0.3399997,0.3399997,0.3399997,0.3399997,0.3399997,0.3399997,0.3399997,0.3399997,0.3399997,0.3399997,0.3399997,0.3399997,0.3399997,0.3399997,0.3399997,0.3399997,0.3399997,0.3399997,0.3399997,0.3399997,0.3399997,0.3399997,0.3399997,0.3399997,0.3399997,0.3399997,0.3399997,0.3399997,0.3399997,0.3399997,0.3399997,0.3399997,0.3399997,0.3399997,0.3399997,0.3399997,0.3399997,0.3399997,0.3399997,0.3399997,0.3399997,0.3399997,0.3399997,0.3399997,0.3399997,0.3399997,0.3399997,0.3399997,0.3399997,0.3399997,0.3399997,0.3399997,0.3399997,0.3399997,0.3399997,0.3399997,0.3399997,0.3399997,0.3399997,0.3399997,0.3399997,0.3399997,0.3399997,0.3399997,0.3399997,0.3399997,0.3399997,0.3399997,0.3399997,0.3399997,0.3399997,0.3399997,0.3399997,0.3399997,0.3399997,0.3399997,0.3399997,0.3399997,0.3399997,0.3399997,0.3399997,0.3399997,0.3399997,0.3399997,0.3399997,0.3399997,0.3399997,0.3399997,0.3399997,0.3399997,0.3399997,0.3399997,0.3399997,0.3399997,0.3399997,0.3399997,0.3399997,0.3399997,0.3399997,0.3399997,0.3399997,0.3399997,0.3399997,0.3399997,0.3399997,0.3399997,0.3399997,0.3399997,0.3399997,0.3399997,0
0,0.3399997,0.3399997,0.3399997,0.3399997,0.3399997,0.3399997,0.3399997,0.3399997,0.3399997,0.3399997,0.3399997,0.3399997,0.3399997,0.3399997,0.3399997,0.3399997,0.3399997,0.3399997,0.3399997,0.3399997,0.3399997,0.3399997,0.3399997,0.3399997,0.3399997,0.3399997,0.3399997,0.3399997,0.3399997,0.3399997,0.3399997,0.3399997,0.3399997,0.3399997,0.3399997,0.3399997,0.3399997,0.3399997,0.3399997,0.3399997,0.3399997,0.3399997,0.3399997,0.3399997,0.3399997,0.3399997,0.3399997,0.3399997,0.3399997,0.3399997,0.3399997,0.3399997,0.3399997,0.3399997,0.3399997,0.3399997,0.3399997,0.3399997,0.3399997,0.3399997,0.3399997,0.3399997,0.3399997,0.3399997,0.3399997,0.3399997,0.3399997,0.3399997,0.3399997,0.3399997,0.3399997,0.3399997,0.3399997,0.3399997,0.3399997,0.3399997,0.3399997,0.3399997,0.3399997,0.3399997,0.3399997,0.3399997,0.3399997,0.3399997,0.3399997,0.3399997,0.3399997,0.3399997,0.3399997,0.3399997,0.3399997,0.3399997,0.3399997,0.3399997,0.3399997,0.3399997,0.3399997,0.3399997,0.3399997,0.3399997,0.3399997,0.3399997,0.3399997,0.3399997,0.3399997,0.3399997,0.3399997,0.3399997,0.3399997,0.3399997,0.3399997,0.3399997,0.3399997,0.3399997,0.3399997,0.3399997,0.3399997,0.3399997,0.3399997,0.3399997,0.3399997,0.3399997,0.3399997,0.3399997,0.3399997,0.3399997,0.3399997,0.3399997,0.3399997,0.3399997,0.3399997,0.3399997,0.3399997,0.3399997,0.3399997,0.3399997,0.3399997,0.3399997,0.3399997,0.3399997,0.3399997,0.3399997,0.3399997,0.3399997,0.3399997,0.3399997,0.3399997,0.3399997,0.3399997,0.3399997,0.3399997,0.3399997,0.3399997,0.3399997,0.3399997,0.3399997,0.3399997,0.3399997,0.3399997,0.3399997,0.3399997,0.3399997,0.3399997,0.3399997,0.3399997,0.3399997,0.3399997,0.3399997,0.3399997,0.3399997,0.3399997,0.3399997,0.3399997,0.3399997,0.3399997,0.3399997,0.3399997,0.3399997,0.3399997,0.3399997,0.3399997,0.3399997,0.3399997,0.3399997,0.3399997,0.3399997,0.3399997,0.3399997,0.3399997,0.3399997,0.3399997,0.3399997,0.3399997,0.3399997,0.3399997,0.3399997,0
0,0.3399997,0.3399997,0.3399997,0.3399997,0.3399997,0.3399997,0.3399997,0.3399997,0.3399997,0.3399997,0.3399997,0.3399997,0.3399997,0.3399997,0.3399997,0.3399997,0.3399997,0.3399997,0.3399997,0.3399997,0.3399997,0.3399997,0.3399997,0.3399997,0.3399997,0.3399997,0.3399997,0.3399997,0.3399997,0.3399997,0.3399997,0.3399997,0.3399997,0.3399997,0.3399997,0.3399997,0.3399997,0.3399997,0.3399997,0.3399997,0.3399997,0.3399997,0.3399997,0.3399997,0.3399997,0.3399997,0.3399997,0.3399997,0.3399997,0.3399997,0.3399997,0.3399997,0.3399997,0.3399997,0.3399997,0.3399997,0.3399997,0.3399997,0.3399997,0.3399997,0.3399997,0.3399997,0.3399997,0.3399997,0.3399997,0.3399997,0.3399997,0.3399997,0.3399997,0.3399997,0.3399997,0.3399997,0.3399997,0.3399997,0.3399997,0.3399997,0.3399997,0.3399997,0.3399997,0.3399997,0.3399997,0.3399997,0.3399997,0.3399997,0.3399997,0.3399997,0.3399997,0.3399997,0.3399997,0.3399997,0.3399997,0.3399997,0.3399997,0.3399997,0.3399997,0.3399997,0.3399997,0.3399997,0.3399997,0.3399997,0.3399997,0.3399997,0.3399997,0.3399997,0.3399997,0.3399997,0.3399997,0.3399997,0.3399997,0.3399997,0.3399997,0.3399997,0.3399997,0.3399997,0.3399997,0.3399997,0.3399997,0.3399997,0.3399997,0.3399997,0.3399997,0.3399997,0.3399997,0.3399997,0.3399997,0.3399997,0.3399997,0.3399997,0.3399997,0.3399997,0.3399997,0.3399997,0.3399997,0.3399997,0.3399997,0.3399997,0.3399997,0.3399997,0.3399997,0.3399997,0.3399997,0.3399997,0.3399997,0.3399997,0.3399997,0.3399997,0.3399997,0.3399997,0.3399997,0.3399997,0.3399997,0.3399997,0.3399997,0.3399997,0.3399997,0.3399997,0.3399997,0.3399997,0.3399997,0.3399997,0.3399997,0.3399997,0.3399997,0.3399997,0.3399997,0.3399997,0.3399997,0.3399997,0.3399997,0.3399997,0.3399997,0.3399997,0.3399997,0.3399997,0.3399997,0.3399997,0.3399997,0.3399997,0.3399997,0.3399997,0.3399997,0.3399997,0.3399997,0.3399997,0.3399997,0.3399997,0.3399997,0.3399997,0.3399997,0.3399997,0.3399997,0.3399997,0.3399997,0.3399997,0.3399997,0.3399997,0
0,0.3399997,0.3399997,0.3399997,0.3399997,0.3399997,0.3399997,0.3399997,0.3399997,0.3399997,0.3399997,0.3399997,0.3399997,0.3399997,0.3399997,0.3399997,0.3399997,0.3399997,0.3399997,0.3399997,0.3399997,0.3399997,0.3399997,0.3399997,0.3399997,0.3399997,0.3399997,0.3399997,0.3399997,0.3399997,0.3399997,0.3399997,0.3399997,0.3399997,0.3399997,0.3399997,0.3399997,0.3399997,0.3399997,0.3399997,0.3399997,0.3399997,0.3399997,0.3399997,0.3399997,0.3399997,0.3399997,0.3399997,0.3399997,0.3399997,0.3399997,0.3399997,0.3399997,0.3399997,0.3399997,0.3399997,0.3399997,0.3399997,0.3399997,0.3399997,0.3399997,0.3399997,0.3399997,0.3399997,0.3399997,0.3399997,0.3399997,0.3399997,0.3399997,0.3399997,0.3399997,0.3399997,0.3399997,0.3399997,0.3399997,0.3399997,0.3399997,0.3399997,0.3399997,0.3399997,0.3399997,0.3399997,0.3399997,0.3399997,0.3399997,0.3399997,0.3399997,0.3399997,0.3399997,0.3399997,0.3399997,0.3399997,0.3399997,0.3399997,0.3399997,0.3399997,0.3399997,0.3399997,0.3399997,0.3399997,0.3399997,0.3399997,0.3399997,0.3399997,0.3399997,0.3399997,0.3399997,0.3399997,0.3399997,0.3399997,0.3399997,0.3399997,0.3399997,0.3399997,0.3399997,0.3399997,0.3399997,0.3399997,0.3399997,0.3399997,0.3399997,0.3399997,0.3399997,0.3399997,0.3399997,0.3399997,0.3399997,0.3399997,0.3399997,0.3399997,0.3399997,0.3399997,0.3399997,0.3399997,0.3399997,0.3399997,0.3399997,0.3399997,0.3399997,0.3399997,0.3399997,0.3399997,0.3399997,0.3399997,0.3399997,0.3399997,0.3399997,0.3399997,0.3399997,0.3399997,0.3399997,0.3399997,0.3399997,0.3399997,0.3399997,0.3399997,0.3399997,0.3399997,0.3399997,0.3399997,0.3399997,0.3399997,0.3399997,0.3399997,0.3399997,0.3399997,0.3399997,0.3399997,0.3399997,0.3399997,0.3399997,0.3399997,0.3399997,0.3399997,0.3399997,0.3399997,0.3399997,0.3399997,0.3399997,0.3399997,0.3399997,0.3399997,0.3399997,0.3399997,0.3399997,0.3399997,0.3399997,0.3399997,0.3399997,0.3399997,0.3399997,0.3399997,0.3399997,0.3399997,0.3399997,0.3399997,0.3399997,0
0,0.3399997,0.3399997,0.3399997,0.3399997,0.3399997,0.3399997,0.3399997,0.3399997,0.3399997,0.3399997,0.3399997,0.3399997,0.3399997,0.3399997,0.3399997,0.3399997,0.3399997,0.3399997,0.3399997,0.3399997,0.3399997,0.3399997,0.3399997,0.3399997,0.3399997,0.3399997,0.3399997,0.3399997,0.3399997,0.3399997,0.3399997,0.3399997,0.3399997,0.3399997,0.3399997,0.3399997,0.3399997,0.3399997,0.3399997,0.3399997,0.3399997,0.3399997,0.3399997,0.3399997,0.3399997,0.3399997,0.3399997,0.3399997,0.3399997,0.3399997,0.3399997,0.3399997,0.3399997,0.3399997,0.3399997,0.3399997,0.3399997,0.3399997,0.3399997,0.3399997,0.3399997,0.3399997,0.3399997,0.3399997,0.3399997,0.3399997,0.3399997,0.3399997,0.3399997,0.3399997,0.3399997,0.3399997,0.3399997,0.3399997,0.3399997,0.3399997,0.3399997,0.3399997,0.3399997,0.3399997,0.3399997,0.3399997,0.3399997,0.3399997,0.3399997,0.3399997,0.3399997,0.3399997,0.3399997,0.3399997,0.3399997,0.3399997,0.3399997,0.3399997,0.3399997,0.3399997,0.3399997,0.3399997,0.3399997,0.3399997,0.3399997,0.3399997,0.3399997,0.3399997,0.3399997,0.3399997,0.3399997,0.3399997,0.3399997,0.3399997,0.3399997,0.3399997,0.3399997,0.3399997,0.3399997,0.3399997,0.3399997,0.3399997,0.3399997,0.3399997,0.3399997,0.3399997,0.3399997,0.3399997,0.3399997,0.3399997,0.3399997,0.3399997,0.3399997,0.3399997,0.3399997,0.3399997,0.3399997,0.3399997,0.3399997,0.3399997,0.3399997,0.3399997,0.3399997,0.3399997,0.3399997,0.3399997,0.3399997,0.3399997,0.3399997,0.3399997,0.3399997,0.3399997,0.3399997,0.3399997,0.3399997,0.3399997,0.3399997,0.3399997,0.3399997,0.3399997,0.3399997,0.3399997,0.3399997,0.3399997,0.3399997,0.3399997,0.3399997,0.3399997,0.3399997,0.3399997,0.3399997,0.3399997,0.3399997,0.3399997,0.3399997,0.3399997,0.3399997,0.3399997,0.3399997,0.3399997,0.3399997,0.3399997,0.3399997,0.3399997,0.3399997,0.3399997,0.3399997,0.3399997,0.3399997,0.3399997,0.3399997,0.3399997,0.3399997,0.3399997,0.3399997,0.3399997,0.3399997,0.3399997,0.3399997,0.3399997,0
0,0.3399997,0.3399997,0.3399997,0.3399997,0.3399997,0.3399997,0.3399997,0.3399997,0.3399997,0.3399997,0.3399997,0.3399997,0.3399997,0.3399997,0.3399997,0.3399997,0.3399997,0.3399997,0.3399997,0.3399997,0.3399997,0.3399997,0.3399997,0.3399997,0.3399997,0.3399997,0.3399997,0.3399997,0.3399997,0.3399997,0.3399997,0.3399997,0.3399997,0.3399997,0.3399997,0.3399997,0.3399997,0.3399997,0.3399997,0.3399997,0.3399997,0.3399997,0.3399997,0.3399997,0.3399997,0.3399997,0.3399997,0.3399997,0.3399997,0.3399997,0.3399997,0.3399997,0.3399997,0.3399997,0.3399997,0.3399997,0.3399997,0.3399997,0.3399997,0.3399997,0.3399997,0.3399997,0.3399997,0.3399997,0.3399997,0.3399997,0.3399997,0.3399997,0.3399997,0.3399997,0.3399997,0.3399997,0.3399997,0.3399997,0.3399997,0.3399997,0.3399997,0.3399997,0.3399997,0.3399997,0.3399997,0.3399997,0.3399997,0.3399997,0.3399997,0.3399997,0.3399997,0.3399997,0.3399997,0.3399997,0.3399997,0.3399997,0.3399997,0.3399997,0,0,0,0,0,0,0,0,0,0,0,0,0,0,0,0,0,0,0,0,0,0,0,0,0,0,0,0,0.3499228,0.3499228,0.3499228,0.3499228,0.3499228,0.3499228,0.3499228,0.3499228,0.3499228,0.3499228,0.3499228,0.3499228,0.3499228,0.3499228,0.3499228,0.3499228,0.3499228,0.3499228,0.3499228,0.3499228,0.3499228,0.3499228,0.3499228,0.3499228,0.3499228,0.3499228,0.3499228,0.3499228,0.3499228,0.3499228,0.3499228,0.3499228,0.3499228,0.3499228,0.3499228,0.3499228,0.3499228,0.3499228,0.3499228,0.3499228,0.3499228,0.3499228,0.3499228,0.3499228,0.3499228,0.3499228,0.3499228,0.3499228,0.3499228,0.3499228,0.3499228,0.3499228,0.3499228,0.3499228,0.3499228,0.3499228,0.3499228,0.3499228,0.3499228,0.3499228,0.3499228,0.3499228,0.3499228,0.3499228,0.3499228,0.3499228,0.3499228,0.3499228,0.3499228,0.3499228,0.3499228,0.3499228,0.3499228,0.3499228,0
0,0.3499228,0.3499228,0.3499228,0.3499228,0.3499228,0.3499228,0.3499228,0.3499228,0.3499228,0.3499228,0.3499228,0.3499228,0.3499228,0.3499228,0.3499228,0.3499228,0.3499228,0.3499228,0.3499228,0.3499228,0.3499228,0.3499228,0.3499228,0.3499228,0.3499228,0.3499228,0.3499228,0.3499228,0.3499228,0.3499228,0.3499228,0.3499228,0.3499228,0.3499228,0.3499228,0.3499228,0.3499228,0.3499228,0.3499228,0.3499228,0.3499228,0.3499228,0.3499228,0.3499228,0.3499228,0.3499228,0.3499228,0.3499228,0.3499228,0.3499228,0.3499228,0.3499228,0.3499228,0.3499228,0.3499228,0.3499228,0.3499228,0.3499228,0.3499228,0.3499228,0.3499228,0.3499228,0.3499228,0.3499228,0.3499228,0.3499228,0.3499228,0.3499228,0.3499228,0.3499228,0.3499228,0.3499228,0.3499228,0.3499228,0.3499228,0.3499228,0.3499228,0.3499228,0.3499228,0.3499228,0.3499228,0.3499228,0.3499228,0.3499228,0.3499228,0.3499228,0.3499228,0.3499228,0.3499228,0.3499228,0.3499228,0.3499228,0.3499228,0.3499228,0.3499228,0.3499228,0.3499228,0.3499228,0.3499228,0.3499228,0.3499228,0.3499228,0.3499228,0.3499228,0.3499228,0.3499228,0.3499228,0.3499228,0.3499228,0.3499228,0.3499228,0.3499228,0.3499228,0.3499228,0.3499228,0.3499228,0.3499228,0.3499228,0.3499228,0.3499228,0.3499228,0.3499228,0.3499228,0.3499228,0.3499228,0.3499228,0.3499228,0.3499228,0.3499228,0.3499228,0.3499228,0.3499228,0.3499228,0.3499228,0.3499228,0.3499228,0.3499228,0.3499228,0.3499228,0.3499228,0.3499228,0.3499228,0.3499228,0.3499228,0.3499228,0.3499228,0.3499228,0.3499228,0.3499228,0.3499228,0.3499228,0.3499228,0.3499228,0.3499228,0.3499228,0.3499228,0.3499228,0.3499228,0.3499228,0.3499228,0.3499228,0.3499228,0.3499228,0.3499228,0.3499228,0.3499228,0.3499228,0.3499228,0.3499228,0.3499228,0.3499228,0.3499228,0.3499228,0.3499228,0.3499228,0.3499228,0.3499228,0.3499228,0.3499228,0.3499228,0.3499228,0.3499228,0.3499228,0.3499228,0.3499228,0.3499228,0.3499228,0.3499228,0.3499228,0.3499228,0.3499228,0.3499228,0.3499228,0.3499228,0.3499228,0.3499228,0
0,0.3499228,0.3499228,0.3499228,0.3499228,0.3499228,0.3499228,0.3499228,0.3499228,0.3499228,0.3499228,0.3499228,0.3499228,0.3499228,0.3499228,0.3499228,0.3499228,0.3499228,0.3499228,0.3499228,0.3499228,0.3499228,0.3499228,0.3499228,0.3499228,0.3499228,0.3499228,0.3499228,0.3499228,0.3499228,0.3499228,0.3499228,0.3499228,0.3499228,0.3499228,0.3499228,0.3499228,0.3499228,0.3499228,0.3499228,0.3499228,0.3499228,0.3499228,0.3499228,0.3499228,0.3499228,0.3499228,0.3499228,0.3499228,0.3499228,0.3499228,0.3499228,0.3499228,0.3499228,0.3499228,0.3499228,0.3499228,0.3499228,0.3499228,0.3499228,0.3499228,0.3499228,0.3499228,0.3499228,0.3499228,0.3499228,0.3499228,0.3499228,0.3499228,0.3499228,0.3499228,0.3499228,0.3499228,0.3499228,0.3499228,0.3499228,0.3499228,0.3499228,0.3499228,0.3499228,0.3499228,0.3499228,0.3499228,0.3499228,0.3499228,0.3499228,0.3499228,0.3499228,0.3499228,0.3499228,0.3499228,0.3499228,0.3499228,0.3499228,0.3499228,0.3499228,0.3499228,0.3499228,0.3499228,0.3499228,0.3499228,0.3499228,0.3499228,0.3499228,0.3499228,0.3499228,0.3499228,0.3499228,0.3499228,0.3499228,0.3499228,0.3499228,0.3499228,0.3499228,0.3499228,0.3499228,0.3499228,0.3499228,0.3499228,0.3499228,0.3499228,0.3499228,0.3499228,0.3499228,0.3499228,0.3499228,0.3499228,0.3499228,0.3499228,0.3499228,0.3499228,0.3499228,0.3499228,0.3499228,0.3499228,0.3499228,0.3499228,0.3499228,0.3499228,0.3499228,0.3499228,0.3499228,0.3499228,0.3499228,0.3499228,0.3499228,0.3499228,0.3499228,0.3499228,0.3499228,0.3499228,0.3499228,0.3499228,0.3499228,0.3499228,0.3499228,0.3499228,0.3499228,0.3499228,0.3499228,0.3499228,0.3499228,0.3499228,0.3499228,0.3499228,0.3499228,0.3499228,0.3499228,0.3499228,0.3499228,0.3499228,0.3499228,0.3499228,0.3499228,0.3499228,0.3499228,0.3499228,0.3499228,0.3499228,0.3499228,0.3499228,0.3499228,0.3499228,0.3499228,0.3499228,0.3499228,0.3499228,0.3499228,0.3499228,0.3499228,0.3499228,0.3499228,0.3499228,0.3499228,0.3499228,0.3499228,0.3499228,0
0,0.3499228,0.3499228,0.3499228,0.3499228,0.3499228,0.3499228,0.3499228,0.3499228,0.3499228,0.3499228,0.3499228,0.3499228,0.3499228,0.3499228,0.3499228,0.3499228,0.3499228,0.3499228,0.3499228,0.3499228,0.3499228,0.3499228,0.3499228,0.3499228,0.3499228,0.3499228,0.3499228,0.3499228,0.3499228,0.3499228,0.3499228,0.3499228,0.3499228,0.3499228,0.3499228,0.3499228,0.3499228,0.3499228,0.3499228,0.3499228,0.3499228,0.3499228,0.3499228,0.3499228,0.3499228,0.3499228,0.3499228,0.3499228,0.3499228,0.3499228,0.3499228,0.3499228,0.3499228,0.3499228,0.3499228,0.3499228,0.3499228,0.3499228,0.3499228,0.3499228,0.3499228,0.3499228,0.3499228,0.3499228,0.3499228,0.3499228,0.3499228,0.3499228,0.3499228,0.3499228,0.3499228,0.3499228,0.3499228,0.3499228,0.3499228,0.3499228,0.3499228,0.3499228,0.3499228,0.3499228,0.3499228,0.3499228,0.3499228,0.3499228,0.3499228,0.3499228,0.3499228,0.3499228,0.3499228,0.3499228,0.3499228,0.3499228,0.3499228,0.3499228,0.3499228,0.3499228,0.3499228,0.3499228,0.3499228,0.3499228,0.3499228,0.3499228,0.3499228,0.3499228,0.3499228,0.3499228,0.3499228,0.3499228,0.3499228,0.3499228,0.3499228,0.3499228,0.3499228,0.3499228,0.3499228,0.3499228,0.3499228,0.3499228,0.3499228,0.3499228,0.3499228,0.3499228,0.3499228,0.3499228,0.3499228,0.3499228,0.3499228,0.3499228,0.3499228,0.3499228,0.3499228,0.3499228,0.3499228,0.3499228,0.3499228,0.3499228,0.3499228,0.3499228,0.3499228,0.3499228,0.3499228,0.3499228,0.3499228,0.3499228,0.3499228,0.3499228,0.3499228,0.3499228,0.3499228,0.3499228,0.3499228,0.3499228,0.3499228,0.3499228,0.3499228,0.3499228,0.3499228,0.3499228,0.3499228,0.3499228,0.3499228,0.3499228,0.3499228,0.3499228,0.3499228,0.3499228,0.3499228,0.3499228,0.3499228,0.3499228,0.3499228,0.3499228,0.3499228,0.3499228,0.3499228,0.3499228,0.3499228,0.3499228,0.3499228,0.3499228,0.3499228,0.3499228,0.3499228,0.3499228,0.3499228,0.3499228,0.3499228,0.3499228,0.3499228,0.3499228,0.3499228,0.3499228,0.3499228,0.3499228,0.3499228,0.3499228,0
0,0.3499228,0.3499228,0.3499228,0.3499228,0.3499228,0.3499228,0.3499228,0.3499228,0.3499228,0.3499228,0.3499228,0.3499228,0.3499228,0.3499228,0.3499228,0.3499228,0.3499228,0.3499228,0.3499228,0.3499228,0.3499228,0.3499228,0.3499228,0.3499228,0.3499228,0.3499228,0.3499228,0.3499228,0.3499228,0.3499228,0.3499228,0.3499228,0.3499228,0.3499228,0.3499228,0.3499228,0,0,0,0,0,0,0,0,0,0,0,0,0,0,0,0,0,0,0,0,0,0,0,0,0,0,0,0,0,0,0,0,0,0,0,0,0,0,0,0,0,0,0,0,0,0,0,0,0,0,0,0,0,0,0,0,0,0,0,0,0,0,0,0,0,0,0,0,0,0,0,0,0,0,0,0,0,0,0,0,0,0,0,0,0,0,0,0,0,0,0,0,0,0,0,0,0,0,0,0,0,0,0,0,0,0,0,0,0,0,0,0,0,0,0,0,0,0,0,0,0,0,0,0,0,0,0,0,0,0,0,0,0,0,0,0,0,0,0,0,0,0,0,0,0,0,0,0,0,0,0,0,0,0,0,0,0,0,0,0,0
0,0,0,0,0,0,0,0,0,0,0,0,0,0,0,0,0,0,0,0,0,0,0,0,0,0,0,0,0,0,0,0,0,0,0,0,0,0,0,0,0,0,0,0,0,0,0,0,0,0,0,0,0,0,0,0,0,0,0,0,0,0,0,0,0,0,0,0,0,0,0,0,0,0,0,0,0,0,0,0,0,0,0,0,0,0,0,0,0,0,0,0,0,0,0,0,0,0,0,0,0,0,0,0,0,0,0,0,0,0,0,0,0,0,0,0,0,0,0,0,0,0,0,0,0,0,0,0,0,0,0,0,0,0,0,0,0,0,0,0,0,0,0,0,0,0,0,0,0,0,0,0,0,0,0,0,0,0,0,0,0,0,0,0,0,0,0,0,0,0,0,0,0,0,0,0,0,0,0,0,0,0,0,0,0,0,0,0,0,0,0,0,0,0,0,0,0,0
0,0,0,0,0,0,0,0,0,0,0,0,0,0,0,0,0,0,0,0,0,0,0,0,0,0,0,0,0,0,0,0,0,0,0,0,0,0,0,0,0,0,0,0,0,0,0,0,0,0,0,0,0,0,0,0,0,0,0,0,0,0,0,0,0,0,0,0,0,0,0,0,0,0,0,0,0,0,0,0,0,0,0,0,0,0,0,0,0,0,0,0,0,0,0,0,0,0,0,0,0,0,0,0,0,0,0,0,0,0,0,0,0,0,0,0,0,0,0,0,0,0,0,0,0,0,0,0,0,0,0,0,0,0,0,0,0,0,0,0,0,0,0,0,0,0,0,0,0,0,0,0,0,0,0,0,0,0,0,0,0,0,0,0,0,0,0,0,0,0,0,0,0,0,0,0,0,0,0,0,0,0,0,0,0,0,0,0,0,0,0,0,0,0,0,0,0,0
0,0,0,0,0,0,0,0,0,0,0,0,0,0,0,0,0,0,0,0,0,0,0,0,0,0,0,0,0,0,0,0,0,0,0,0,0,0,0,0,0,0,0,0,0,0,0,0,0,0,0,0,0,0,0,0,0,0,0,0,0,0,0,0,0,0,0,0,0,0,0,0,0,0,0,0,0,0,0,0,0,0,0,0,0,0,0,0,0,0,0,0,0,0,0,0,0,0,0,0,0,0,0,0,0,0,0,0,0,0,0,0,0,0,0,0,0,0,0,0,0,0,0,0,0,0,0,0,0,0,0,0,0,0,0,0,0,0,0,0,0,0,0,0,0,0,0,0,0,0,0,0,0,0,0,0,0,0,0,0,0,0,0,0,0,0,0,0,0,0,0,0,0,0,0,0,0,0,0,0,0,0,0,0,0,0,0,0,0,0,0,0,0,0,0,0,0,0
0,0,0,0,0,0,0,0,0,0,0,0,0,0,0,0,0,0,0,0,0,0,0,0,0,0,0,0,0,0,0,0,0,0,0,0,0,0,0,0,0,0,0,0,0,0,0,0,0,0,0,0,0,0,0,0,0,0,0,0,0,0,0,0,0,0,0,0,0,0,0,0,0,0,0,0,0,0,0,0,0,0,0,0,0,0,0,0,0,0,0,0,0,0,0,0,0,0,0,0,0,0,0,0,0,0,0,0,0,0,0,0,0,0,0,0,0,0,0,0,0,0,0,0,0,0,0,0,0,0,0,0,0,0,0,0,0,0,0,0,0,0,0,0,0,0,0,0,0,0,0,0,0,0,0,0,0,0,0,0,0,0,0,0,0,0,0,0,0,0,0,0,0,0,0,0,0,0,0,0,0,0,0,0,0,0,0,0,0,0,0,0,0,0,0,0,0,0
0,0,0,0,0,0,0,0,0,0,0,0,0,0,0,0,0,0,0,0,0,0,0,0,0,0,0,0,0,0,0,0,0,0,0,0,0,0,0,0,0,0,0,0,0,0,0,0,0,0,0,0,0,0,0,0,0,0,0,0,0,0,0,0,0,0,0,0,0,0,0,0,0,0,0,0,0,0,0,0,0,0,0,0,0,0,0,0,0,0,0,0,0,0,0,0,0,0,0,0,0,0,0,0,0,0,0,0,0,0,0,0,0,0,0,0,0,0,0,0,0,0,0,0,0,0,0,0,0,0,0,0,0,0,0,0,0,0,0,0,0,0,0,0,0,0,0,0,0,0,0,0,0,0,0,0,0,0,0,0,0,0,0,0,0,0,0,0,0,0,0,0,0,0,0,0,0,0,0,0,0,0,0,0,0,0,0,0,0,0,0,0,0,0,0,0,0,0
0,0,0,0,0,0,0,0,0,0,0,0,0,0,0,0,0,0,0,0,0,0,0,0,0,0,0,0,0,0,0,0,0,0,0,0,0,0,0,0,0,0,0,0,0,0,0,0,0,0,0,0,0,0,0,0,0,0,0,0,0,0,0,0,0,0,0,0,0,0,0,0,0,0,0,0,0,0,0,0,0,0,0,0,0,0,0,0,0,0,0,0,0,0,0,0,0,0,0,0,0,0,0,0,0,0,0,0,0,0,0,0,0,0,0,0,0,0,0,0,0,0,0,0,0,0,0,0,0,0,0,0,0,0,0,0,0,0,0,0,0,0,0,0,0,0,0,0,0,0,0,0,0,0,0,0,0,0,0,0,0,0,0,0,0,0,0,0,0,0,0,0,0,0,0,0,0,0,0,0,0,0,0,0,0,0,0,0,0,0,0,0,0,0,0,0,0,0
0,0,0,0,0,0,0,0,0,0,0,0,0,0,0,0,0,0,0,0,0,0,0,0,0,0,0,0,0,0,0,0,0,0,0,0,0,0,0,0,0,0,0,0,0,0,0,0,0,0,0,0,0,0,0,0,0,0,0,0,0,0,0,0,0,0,0,0,0,0,0,0,0,0,0,0,0,0,0,0,0,0,0,0,0,0,0,0,0,0,0,0,0,0,0,0,0,0,0,0,0,0,0,0,0,0,0,0,0,0,0,0,0,0,0,0,0,0,0,0,0,0,0,0,0,0,0,0,0,0,0,0,0,0,0,0,0,0,0,0,0,0,0,0,0,0,0,0,0,0,0,0,0,0,0,0,0,0,0,0,0,0,0,0,0,0,0,0,0,0,0,0,0,0,0,0,0,0,0,0,0,0,0,0,0,0,0,0,0,0,0,0,0,0,0,0,0,0
0,0,0,0,0,0,0,0,0,0,0,0,0,0,0,0,0,0,0,0,0,0,0,0,0,0,0,0,0,0,0,0,0,0,0,0,0,0,0,0,0,0,0,0,0,0,0,0,0,0,0,0,0,0,0,0,0,0,0,0,0,0,0,0,0,0,0,0,0,0,0,0,0,0,0,0,0,0,0,0,0,0,0,0,0,0,0,0,0,0,0,0,0,0,0,0,0,0,0,0,0,0,0,0,0,0,0,0,0,0,0,0,0,0,0,0,0,0,0,0,0,0,0,0,0,0,0,0,0,0,0,0,0,0,0,0,0,0,0,0,0,0,0,0,0,0,0,0,0,0,0,0,0,0,0,0,0,0,0,0,0,0,0,0,0,0,0,0,0,0,0,0,0,0,0,0,0,0,0,0,0,0,0,0,0,0,0,0,0,0,0,0,0,0,0,0,0,0
0,0,0,0,0,0,0,0,0,0,0,0,0,0,0,0,0,0,0,0,0,0,0,0,0,0,0,0,0,0,0,0,0,0,0,0,0,0,0,0,0,0,0,0,0,0,0,0,0,0,0,0,0,0,0,0,0,0,0,0,0,0,0,0,0,0,0,0,0,0,0,0,0,0,0,0,0,0,0,0,0,0,0,0,0,0,0,0,0,0,0,0,0,0,0,0,0,0,0,0,0,0,0,0,0,0,0,0,0,0,0,0,0,0,0,0,0,0,0,0,0,0,0,0,0,0,0,0,0,0,0,0,0,0,0,0,0,0,0,0,0,0,0,0,0,0,0,0,0,0,0,0,0,0,0,0,0,0,0,0,0,0,0,0,0,0,0,0,0,0,0,0,0,0,0,0,0,0,0,0,0,0,0,0,0,0,0,0,0,0,0,0,0,0,0,0,0,0
0,0,0,0,0,0,0,0,0,0,0,0,0,0,0,0,0,0,0,0,0,0,0,0,0,0,0,0,0,0,0,0,0,0,0,0,0,0,0,0,0,0,0,0,0,0,0,0,0,0,0,0,0,0,0,0,0,0,0,0,0,0,0,0,0,0,0,0,0,0,0,0,0,0,0,0,0,0,0,0,0,0,0,0,0,0,0,0,0,0,0,0,0,0,0,0,0,0,0,0,0,0,0,0,0,0,0,0,0,0,0,0,0,0,0,0,0,0,0,0,0,0,0,0,0,0,0,0,0,0,0,0,0,0,0,0,0,0,0,0,0,0,0,0,0,0,0,0,0,0,0,0,0,0,0,0,0,0,0,0,0,0,0,0,0,0,0,0,0,0,0,0,0,0,0,0,0,0,0,0,0,0,0,0,0,0,0,0,0,0,0,0,0,0,0,0,0,0
0,0,0,0,0,0,0,0,0,0,0,0,0,0,0,0,0,0,0,0,0,0,0,0,0,0,0,0,0,0,0,0,0,0,0,0,0,0,0,0,0,0,0,0,0,0,0,0,0,0,0,0,0,0,0,0,0,0,0,0,0,0,0,0,0,0,0,0,0,0,0,0,0,0,0,0,0,0,0,0,0,0,0,0,0,0,0,0,0,0,0,0,0,0,0,0,0,0,0,0,0,0,0,0,0,0,0,0,0,0,0,0,0,0,0,0,0,0,0,0,0,0,0,0,0,0,0,0,0,0,0,0,0,0,0,0,0,0,0,0,0,0,0,0,0,0,0,0,0,0,0,0,0,0,0,0,0,0,0,0,0,0,0,0,0,0,0,0,0,0,0,0,0,0,0,0,0,0,0,0,0,0,0,0,0,0,0,0,0,0,0,0,0,0,0,0,0,0
0,0,0,0,0,0,0,0,0,0,0,0,0,0,0,0,0,0,0,0,0,0,0,0,0,0,0,0,0,0,0,0,0,0,0,0,0,0,0,0,0,0,0,0,0,0,0,0,0,0,0,0,0,0,0,0,0,0,0,0,0,0,0,0,0,0,0,0,0,0,0,0,0,0,0,0,0,0,0,0,0,0,0,0,0,0,0,0,0,0,0,0,0,0,0,0,0,0,0,0,0,0,0,0,0,0,0,0,0,0,0,0,0,0,0,0,0,0,0,0,0,0,0,0,0,0,0,0,0,0,0,0,0,0,0,0,0,0,0,0,0,0,0,0,0,0,0,0,0,0,0,0,0,0,0,0,0,0,0,0,0,0,0,0,0,0,0,0,0,0,0,0,0,0,0,0,0,0,0,0,0,0,0,0,0,0,0,0,0,0,0,0,0,0,0,0,0,0
0,0,0,0,0,0,0,0,0,0,0,0,0,0,0,0,0,0,0,0,0,0,0,0,0,0,0,0,0,0,0,0,0,0,0,0,0,0,0,0,0,0,0,0,0,0,0,0,0,0,0,0,0,0,0,0,0,0,0,0,0,0,0,0,0,0,0,0,0,0,0,0,0,0,0,0,0,0,0,0,0,0,0,0,0,0,0,0,0,0,0,0,0,0,0,0,0,0,0,0,0,0,0,0,0,0,0,0,0,0,0,0,0,0,0,0,0,0,0,0,0,0,0,0,0,0,0,0,0,0,0,0,0,0,0,0,0,0,0,0,0,0,0,0,0,0,0,0,0,0,0,0,0,0,0,0,0,0,0,0,0,0,0,0,0,0,0,0,0,0,0,0,0,0,0,0,0,0,0,0,0,0,0,0,0,0,0,0,0,0,0,0,0,0,0,0,0,0
0,0,0,0,0,0,0,0,0,0,0,0,0,0,0,0,0,0,0,0,0,0,0,0,0,0,0,0,0,0,0,0,0,0,0,0,0,0,0,0,0,0,0,0,0,0,0,0,0,0,0,0,0,0,0,0,0,0,0,0,0,0,0,0,0,0,0,0,0,0,0,0,0,0,0,0,0,0,0,0,0,0,0,0,0,0,0,0,0,0,0,0,0,0,0,0,0,0,0,0,0,0,0,0,0,0,0,0,0,0,0,0,0,0,0,0,0,0,0,0,0,0,0,0,0,0,0,0,0,0,0,0,0,0,0,0,0,0,0,0,0,0,0,0,0,0,0,0,0,0,0,0,0,0,0,0,0,0,0,0,0,0,0,0,0,0,0,0,0,0,0,0,0,0,0,0,0,0,0,0,0,0,0,0,0,0,0,0,0,0,0,0,0,0,0,0,0,0
0,0,0,0,0,0,0,0,0,0,0,0,0,0,0,0,0,0,0,0,0,0,0,0,0,0,0,0,0,0,0,0,0,0,0,0,0,0,0,0,0,0,0,0,0,0,0,0,0,0,0,0,0,0,0,0,0,0,0,0,0,0,0,0,0,0,0,0,0,0,0,0,0,0,0,0,0,0,0,0,0,0,0,0,0,0,0,0,0,0,0,0,0,0,0,0,0,0,0,0,0,0,0,0,0,0,0,0,0,0,0,0,0,0,0,0,0,0,0,0,0,0,0,0,0,0,0,0,0,0,0,0,0,0,0,0,0,0,0,0,0,0,0,0,0,0,0,0,0,0,0,0,0,0,0,0,0,0,0,0,0,0,0,0,0,0,0,0,0,0,0,0,0,0,0,0,0,0,0,0,0,0,0,0,0,0,0,0,0,0,0,0,0,0,0,0,0,0
0,0,0,0,0,0,0,0,0,0,0,0,0,0,0,0,0,0,0,0,0,0,0,0,0,0,0,0,0,0,0,0,0,0,0,0,0,0,0,0,0,0,0,0,0,0,0,0,0,0,0,0,0,0,0,0,0,0,0,0,0,0,0,0,0,0,0,0,0,0,0,0,0,0,0,0,0,0,0,0,0,0,0,0,0,0,0,0,0,0,0,0,0,0,0,0,0,0,0,0,0,0,0,0,0,0,0,0,0,0,0,0,0,0,0,0,0,0,0,0,0,0,0,0,0,0,0,0,0,0,0,0,0,0,0,0,0,0,0,0,0,0,0,0,0,0,0,0,0,0,0,0,0,0,0,0,0,0,0,0,0,0,0,0,0,0,0,0,0,0,0,0,0,0,0,0,0,0,0,0,0,0,0,0,0,0,0,0,0,0,0,0,0,0,0,0,0,0
0,0,0,0,0,0,0,0,0,0,0,0,0,0,0,0,0,0,0,0,0,0,0,0,0,0,0,0,0,0,0,0,0,0,0,0,0,0,0,0,0,0,0,0,0,0,0,0,0,0,0,0,0,0,0,0,0,0,0,0,0,0,0,0,0,0,0,0,0,0,0,0,0,0,0,0,0,0,0,0,0,0,0,0,0,0,0,0,0,0,0,0,0,0,0,0,0,0,0,0,0,0,0,0,0,0,0,0,0,0,0,0,0,0,0,0,0,0,0,0,0,0,0,0,0,0,0,0,0,0,0,0,0,0,0,0,0,0,0,0,0,0,0,0,0,0,0,0,0,0,0,0,0,0,0,0,0,0,0,0,0,0,0,0,0,0,0,0,0,0,0,0,0,0,0,0,0,0,0,0,0,0,0,0,0,0,0,0,0,0,0,0,0,0,0,0,0,0
0,0,0,0,0,0,0,0,0,0,0,0,0,0,0,0,0,0,0,0,0,0,0,0,0,0,0,0,0,0,0,0,0,0,0,0,0,0,0,0,0,0,0,0,0,0,0,0,0,0,0,0,0,0,0,0,0,0,0,0,0,0,0,0,0,0,0,0,0,0,0,0,0,0,0,0,0,0,0,0,0,0,0,0,0,0,0,0,0,0,0,0,0,0,0,0,0,0,0,0,0,0,0,0,0,0,0,0,0,0,0,0,0,0,0,0,0,0,0,0,0,0,0,0,0,0,0,0,0,0,0,0,0,0,0,0,0,0,0,0,0,0,0,0,0,0,0,0,0,0,0,0,0,0,0,0,0,0,0,0,0,0,0,0,0,0,0,0,0,0,0,0,0,0,0,0,0,0,0,0,0,0,0,0,0,0,0,0,0,0,0,0,0,0,0,0,0,0
0,0,0,0,0,0,0,0,0,0,0,0,0,0,0,0,0,0,0,0,0,0,0,0,0,0,0,0,0,0,0,0,0,0,0,0,0,0,0,0,0,0,0,0,0,0,0,0,0,0,0,0,0,0,0,0,0,0,0,0,0,0,0,0,0,0,0,0,0,0,0,0,0,0,0,0,0,0,0,0,0,0,0,0,0,0,0,0,0,0,0,0,0,0,0,0,0,0,0,0,0,0,0,0,0,0,0,0,0,0,0,0,0,0,0,0,0,0,0,0,0,0,0,0,0,0,0,0,0,0,0,0,0,0,0,0,0,0,0,0,0,0,0,0,0,0,0,0,0,0,0,0,0,0,0,0,0,0,0,0,0,0,0,0,0,0,0,0,0,0,0,0,0,0,0,0,0,0,0,0,0,0,0,0,0,0,0,0,0,0,0,0,0,0,0,0,0,0
0,0,0,0,0,0,0,0,0,0,0,0,0,0,0,0,0,0,0,0,0,0,0,0,0,0,0,0,0,0,0,0,0,0,0,0,0,0,0,0,0,0,0,0,0,0,0,0,0,0,0,0,0,0,0,0,0,0,0,0,0,0,0,0,0,0,0,0,0,0,0,0,0,0,0,0,0,0,0,0,0,0,0,0,0,0,0,0,0,0,0,0,0,0,0,0,0,0,0,0,0,0,0,0,0,0,0,0,0,0,0,0,0,0,0,0,0,0,0,0,0,0,0,0,0,0,0,0,0,0,0,0,0,0,0,0,0,0,0,0,0,0,0,0,0,0,0,0,0,0,0,0,0,0,0,0,0,0,0,0,0,0,0,0,0,0,0,0,0,0,0,0,0,0,0,0,0,0,0,0,0,0,0,0,0,0,0,0,0,0,0,0,0,0,0,0,0,0
0,0,0,0,0,0,0,0,0,0,0,0,0,0,0,0,0,0,0,0,0,0,0,0,0,0,0,0,0,0,0,0,0,0,0,0,0,0,0,0,0,0,0,0,0,0,0,0,0,0,0,0,0,0,0,0,0,0,0,0,0,0,0,0,0,0,0,0,0,0,0,0,0,0,0,0,0,0,0,0,0,0,0,0,0,0,0,0,0,0,0,0,0,0,0,0,0,0,0,0,0,0,0,0,0,0,0,0,0,0,0,0,0,0,0,0,0,0,0,0,0,0,0,0,0,0,0,0,0,0,0,0,0,0,0,0,0,0,0,0,0,0,0,0,0,0,0,0,0,0,0,0,0,0,0,0,0,0,0,0,0,0,0,0,0,0,0,0,0,0,0,0,0,0,0,0,0,0,0,0,0,0,0,0,0,0,0,0,0,0,0,0,0,0,0,0,0,0
0,0,0,0,0,0,0,0,0,0,0,0,0,0,0,0,0,0,0,0,0,0,0,0,0,0,0,0,0,0,0,0,0,0,0,0,0,0,0,0,0,0,0,0,0,0,0,0,0,0,0,0,0,0,0,0,0,0,0,0,0,0,0,0,0,0,0,0,0,0,0,0,0,0,0,0,0,0,0,0,0,0,0,0,0,0,0,0,0,0,0,0,0,0,0,0,0,0,0,0,0,0,0,0,0,0,0,0,0,0,0,0,0,0,0,0,0,0,0,0,0,0,0,0,0,0,0,0,0,0,0,0,0,0,0,0,0,0,0,0,0,0,0,0,0,0,0,0,0,0,0,0,0,0,0,0,0,0,0,0,0,0,0,0,0,0,0,0,0,0,0,0,0,0,0,0,0,0,0,0,0,0,0,0,0,0,0,0,0,0,0,0,0,0,0,0,0,0
0,0,0,0,0,0,0,0,0,0,0,0,0,0,0,0,0,0,0,0,0,0,0,0,0,0,0,0,0,0,0,0,0,0,0,0,0,0,0,0,0,0,0,0,0,0,0,0,0,0,0,0,0,0,0,0,0,0,0,0,0,0,0,0,0,0,0,0,0,0,0,0,0,0,0,0,0,0,0,0,0,0,0,0,0,0,0,0,0,0,0,0,0,0,0,0,0,0,0,0,0,0,0,0,0,0,0,0,0,0,0,0,0,0,0,0,0,0,0,0,0,0,0,0,0,0,0,0,0,0,0,0,0,0,0,0,0,0,0,0,0,0,0,0,0,0,0,0,0,0,0,0,0,0,0,0,0,0,0,0,0,0,0,0,0,0,0,0,0,0,0,0,0,0,0,0,0,0,0,0,0,0,0,0,0,0,0,0,0,0,0,0,0,0,0,0,0,0
0,0,0,0,0,0,0,0,0,0,0,0,0,0,0,0,0,0,0,0,0,0,0,0,0,0,0,0,0,0,0,0,0,0,0,0,0,0,0,0,0,0,0,0,0,0,0,0,0,0,0,0,0,0,0,0,0,0,0,0,0,0,0,0,0,0,0,0,0,0,0,0,0,0,0,0,0,0,0,0,0,0,0,0,0,0,0,0,0,0,0,0,0,0,0,0,0,0,1.7290211,1.7290211,1.7290211,1.7290211,1.7290211,1.7290211,1.7290211,1.7290211,1.7290211,1.7290211,1.7290211,1.7290211,1.7290211,1.7290211,1.7290211,1.7290211,1.7290211,1.7290211,1.7290211,1.7290211,1.7290211,1.7290211,1.7290211,1.7290211,1.7290211,1.7290211,1.7290211,1.7290211,1.7290211,1.7290211,1.7290211,1.7290211,1.7290211,1.7290211,1.7290211,1.7290211,1.7290211,1.7290211,1.7290211,1.7290211,1.7290211,1.7290211,1.7290211,1.7290211,1.7290211,1.7290211,1.7290211,1.7290211,1.7290211,1.7290211,1.7290211,1.7290211,1.7290211,1.7290211,1.7290211,1.7290211,1.7290211,1.7290211,1.7290211,1.7290211,1.7290211,1.7290211,1.7290211,1.7290211,1.7290211,1.7290211,1.7290211,1.7290211,1.7290211,1.7290211,1.7290211,1.7290211,1.7290211,1.7290211,1.7290211,1.7290211,1.7290211,1.7290211,1.7290211,1.7290211,1.7290211,1.7290211,1.7290211,1.7290211,1.7290211,1.7290211,1.7290211,1.7290211,1.7290211,1.7290211,1.7290211,1.7290211,1.7290211,1.7290211,1.7290211,1.7290211,1.7290211,1.7290211,1.7290211,0
0,1.7290211,1.7290211,1.7290211,1.7290211,1.7290211,1.7290211,1.7290211,1.7290211,1.7290211,1.7290211,1.7290211,1.7290211,1.7290211,1.7290211,1.7290211,1.7290211,1.7290211,1.7290211,1.7290211,1.7290211,1.7290211,1.7290211,1.7290211,1.7290211,1.7290211,1.7290211,1.7290211,1.7290211,1.7290211,1.7290211,1.7290211,1.7290211,1.7290211,1.7290211,1.7290211,1.7290211,1.7290211,1.7290211,1.7290211,1.7290211,1.7290211,1.7290211,1.7290211,1.7290211,1.7290211,1.7290211,1.7290211,1.7290211,1.7290211,1.7290211,1.7290211,1.7290211,1.7290211,1.7290211,1.7290211,1.7290211,1.7290211,1.7290211,1.7290211,1.7290211,1.7290211,1.7290211,1.7290211,1.7290211,1.7290211,1.7290211,1.7290211,1.7290211,1.7290211,1.7290211,1.7290211,1.7290211,1.7290211,1.7290211,1.7290211,1.7290211,1.7290211,1.7290211,1.7290211,1.7290211,1.7290211,1.7290211,1.7290211,1.7290211,1.7290211,1.7290211,1.7290211,1.7290211,1.7290211,1.7290211,1.7290211,1.7290211,1.7290211,1.7290211,1.7290211,1.7290211,1.7290211,1.7290211,1.7290211,1.7290211,1.7290211,1.7290211,1.7290211,1.7290211,1.7290211,1.7290211,1.7290211,1.7290211,1.7290211,1.7290211,1.7290211,1.7290211,1.7290211,1.7290211,1.7290211,1.7290211,1.7290211,1.7290211,1.7290211,1.7290211,1.7290211,1.7290211,1.7290211,1.7290211,1.7290211,1.7290211,1.7290211,1.7290211,1.7290211,1.7290211,1.7290211,1.7290211,1.7290211,1.7290211,1.7290211,1.7290211,1.7290211,1.7290211,1.7290211,1.7290211,1.7290211,1.7290211,1.7290211,1.7290211,1.7290211,1.7290211,1.7290211,1.7290211,1.7290211,1.7290211,1.7290211,1.7290211,1.7290211,1.7290211,1.7290211,1.7290211,1.7290211,1.7290211,1.7290211,1.7290211,1.7290211,1.7290211,1.7290211,1.7290211,1.7290211,1.7290211,1.7290211,1.7290211,1.7290211,1.7290211,1.7290211,1.7290211,1.7290211,1.7290211,1.7290211,1.7290211,1.7290211,1.7290211,1.7290211,1.7290211,1.7290211,1.7290211,1.7290211,1.7290211,1.7290211,1.7290211,1.7290211,1.7290211,1.7290211,1.7290211,1.7290211,1.7290211,1.7290211,1.7290211,1.7290211,1.7290211,0
0,1.7290211,1.7290211,1.7290211,1.7290211,1.7290211,1.7290211,1.7290211,1.7290211,1.7290211,1.7290211,1.7290211,1.7290211,1.7290211,1.7290211,1.7290211,1.7290211,1.7290211,1.7290211,1.7290211,1.7290211,1.7290211,1.7290211,1.7290211,1.7290211,1.7290211,1.7290211,1.7290211,1.7290211,1.7290211,1.7290211,1.7290211,1.7290211,1.7290211,1.7290211,1.7290211,1.7290211,1.7290211,1.7290211,1.7290211,1.7290211,1.7290211,1.7290211,1.7290211,1.7290211,1.7290211,1.7290211,1.7290211,1.7290211,1.7290211,1.7290211,1.7290211,1.7290211,1.7290211,1.7290211,1.7290211,1.7290211,1.7290211,1.7290211,1.7290211,1.7290211,1.7290211,1.7290211,1.7290211,1.7290211,1.7290211,1.7290211,1.7290211,1.7290211,1.7290211,1.7290211,1.7290211,1.7290211,1.7290211,1.7290211,1.7290211,1.7290211,1.7290211,1.7290211,1.7290211,1.7290211,1.7290211,1.7290211,1.7290211,1.7290211,1.7290211,1.7290211,1.7290211,1.7290211,1.7290211,1.7290211,1.7290211,1.7290211,1.7290211,1.7290211,1.7290211,1.7290211,1.7290211,1.7290211,1.7290211,1.7290211,1.7290211,1.7290211,1.7290211,1.7290211,1.7290211,1.7290211,1.7290211,1.7290211,1.7290211,1.7290211,1.7290211,1.7290211,1.7290211,1.7290211,1.7290211,1.7290211,1.7290211,1.7290211,1.7290211,1.7290211,1.7290211,1.7290211,1.7290211,1.7290211,1.7290211,1.7290211,1.7290211,1.7290211,1.7290211,1.7290211,1.7290211,1.7290211,1.7290211,1.7290211,1.7290211,1.7290211,1.7290211,1.7290211,1.7290211,1.7290211,1.7290211,1.7290211,1.7290211,1.7290211,1.7290211,1.7290211,1.7290211,1.7290211,1.7290211,1.7290211,1.7290211,1.7290211,1.7290211,1.7290211,1.7290211,1.7290211,1.7290211,1.7290211,1.7290211,1.7290211,1.7290211,1.7290211,1.7290211,1.7290211,1.7290211,1.7290211,1.7290211,1.7290211,1.7290211,1.7290211,1.7290211,1.7290211,1.7290211,1.7290211,1.7290211,1.7290211,1.7290211,1.7290211,1.7290211,1.7290211,1.7290211,1.7290211,1.7290211,1.7290211,1.7290211,1.7290211,1.7290211,1.7290211,1.7290211,1.7290211,1.7290211,1.7290211,1.7290211,1.7290211,1.7290211,1.7290211,0
0,1.7290211,1.7290211,1.7290211,1.7290211,1.7290211,1.7290211,1.7290211,1.7290211,1.7290211,1.7290211,1.7290211,1.7290211,1.7290211,1.7290211,1.7290211,1.7290211,1.7290211,1.7290211,1.7290211,1.7290211,1.7290211,1.7290211,1.7290211,1.7290211,1.7290211,1.7290211,1.7290211,1.7290211,1.7290211,1.7290211,1.7290211,1.7290211,1.7290211,1.7290211,1.7290211,1.7290211,1.7290211,1.7290211,1.7290211,1.7290211,1.7290211,1.7290211,1.7290211,1.7290211,1.7290211,1.7290211,1.7290211,1.7290211,1.7290211,1.7290211,1.7290211,1.7290211,1.7290211,1.7290211,1.7290211,1.7290211,1.7290211,1.7290211,1.7290211,1.7290211,1.7290211,1.7290211,1.7290211,1.7290211,1.7290211,1.7290211,1.7290211,1.7290211,1.7290211,1.7290211,1.7290211,1.7290211,1.7290211,1.7290211,1.7290211,1.7290211,1.7290211,1.7290211,1.7290211,1.7290211,1.7290211,1.7290211,1.7290211,1.7290211,1.7290211,1.7290211,1.7290211,1.7290211,1.7290211,1.7290211,1.7290211,1.7290211,1.7290211,1.7290211,1.7290211,1.7290211,1.7290211,1.7290211,1.7290211,1.7290211,1.7290211,1.7290211,1.7290211,1.7290211,1.7290211,1.7290211,1.7290211,1.7290211,1.7290211,1.7290211,1.7290211,1.7290211,1.7290211,1.7290211,1.7290211,1.7290211,1.7290211,1.7290211,1.7290211,1.7290211,1.7290211,1.7290211,1.7290211,1.7290211,1.7290211,1.7290211,1.7290211,1.7290211,1.7290211,1.7290211,1.7290211,1.7290211,1.7290211,1.7290211,1.7290211,1.7290211,1.7290211,1.7290211,1.7290211,1.7290211,1.7290211,1.7290211,1.7290211,1.7290211,1.7290211,1.7290211,1.7290211,1.7290211,1.7290211,1.7290211,1.7290211,1.7290211,1.7290211,1.7290211,1.7290211,1.7290211,1.7290211,1.7290211,1.7290211,1.7290211,1.7290211,1.7290211,1.7290211,1.7290211,1.7290211,1.7290211,1.7290211,1.7290211,1.7290211,1.7290211,1.7290211,1.7290211,1.7290211,1.7290211,1.7290211,1.7290211,1.7290211,1.7290211,1.7290211,1.7290211,1.7290211,1.7290211,1.7290211,1.7290211,1.7290211,1.7290211,1.7290211,1.7290211,1.7290211,1.7290211,1.7290211,1.7290211,1.7290211,1.7290211,1.7290211,1.7290211,0
0,1.7290211,1.7290211,1.7290211,1.7290211,1.7290211,1.7290211,1.7290211,1.7290211,1.7290211,1.7290211,1.7290211,1.7290211,1.7290211,1.7290211,1.7290211,1.7290211,1.7290211,1.7290211,1.7290211,1.7290211,1.7290211,1.7290211,1.7290211,1.7290211,1.7290211,1.7290211,1.7290211,1.7290211,1.7290211,1.7290211,1.7290211,1.7290211,1.7290211,1.7290211,1.7290211,1.7290211,1.7290211,1.7290211,1.7290211,1.7290211,1.7290211,1.7290211,1.7290211,1.7290211,1.7290211,1.7290211,1.7290211,1.7290211,1.7290211,1.7290211,1.7290211,1.7290211,1.7290211,1.7290211,1.7290211,1.7290211,1.7290211,1.7290211,1.7290211,1.7290211,1.7290211,1.7290211,1.7290211,1.7290211,1.7290211,1.7290211,1.7290211,1.7290211,1.7290211,1.7290211,1.7290211,1.7290211,1.7290211,1.7290211,1.7290211,1.7290211,1.7290211,1.7290211,1.7290211,1.7290211,1.7290211,1.7290211,1.7290211,1.7290211,1.7290211,1.7290211,1.7290211,1.7290211,1.7290211,1.7290211,1.7290211,1.7290211,1.7290211,1.7290211,1.7290211,1.7290211,1.7290211,1.7290211,1.7290211,1.7290211,1.7290211,1.7290211,1.7290211,1.7290211,1.7290211,1.7290211,1.7290211,1.7290211,1.7290211,1.7290211,1.7290211,1.7290211,1.7290211,1.7290211,1.7290211,1.7290211,1.7290211,1.7290211,1.7290211,1.7290211,1.7290211,1.7290211,1.7290211,1.7290211,1.7290211,1.7290211,1.7290211,1.7290211,1.7290211,1.7290211,1.7290211,1.7290211,1.7290211,1.7290211,1.7290211,1.7290211,1.7290211,1.7290211,1.7290211,1.7290211,1.7290211,1.7290211,1.7290211,1.7290211,1.7290211,1.7290211,1.7290211,1.7290211,1.7290211,1.7290211,1.7290211,1.7290211,1.7290211,1.7290211,1.7290211,1.7290211,1.7290211,1.7290211,1.7290211,1.7290211,1.7290211,1.7290211,1.7290211,1.7290211,1.7290211,1.7290211,1.7290211,1.7290211,1.7290211,1.7290211,1.7290211,1.7290211,1.7290211,1.7290211,1.7290211,1.7290211,1.7290211,1.7290211,1.7290211,1.7290211,1.7290211,1.7290211,1.7290211,1.7290211,1.7290211,1.7290211,1.7290211,1.7290211,1.7290211,1.7290211,1.7290211,1.7290211,1.7290211,1.7290211,1.7290211,1.7290211,0
0,1.7290211,1.7290211,1.7290211,1.7290211,1.7290211,1.7290211,1.7290211,1.7290211,1.7290211,1.7290211,1.7290211,1.7290211,1.7290211,1.7290211,1.7290211,1.7290211,1.7290211,1.7290211,1.7290211,1.7290211,1.7290211,1.7290211,1.7290211,1.7290211,1.7290211,1.7290211,1.7290211,1.7290211,1.7290211,1.7290211,1.7290211,1.7290211,1.7290211,1.7290211,1.7290211,1.7290211,1.7290211,1.7290211,1.7290211,1.7290211,1.7290211,1.7290211,1.7290211,1.7290211,1.7290211,1.7290211,1.7290211,1.7290211,1.7290211,1.7290211,1.7290211,1.7290211,1.7290211,1.7290211,1.7290211,1.7290211,1.7290211,1.7290211,1.7290211,1.7290211,1.7290211,1.7290211,1.7290211,1.7290211,1.7290211,1.7290211,1.7290211,1.7290211,1.7290211,1.7290211,1.7290211,1.7290211,1.7290211,1.7290211,1.7290211,1.7290211,1.7290211,1.7290211,1.7290211,1.7290211,1.7290211,1.7290211,1.7290211,1.7290211,1.7290211,1.7290211,1.7290211,1.7290211,1.7290211,1.7290211,1.7290211,1.7290211,1.7290211,1.7290211,1.7290211,1.7290211,1.7290211,1.7290211,1.7290211,1.7290211,1.7290211,1.7290211,1.7290211,1.7290211,1.7290211,1.7290211,1.7290211,1.7290211,1.7290211,1.7290211,1.7290211,1.7290211,1.7290211,1.7290211,1.7290211,1.7290211,1.7290211,1.7290211,1.7290211,1.7290211,1.7290211,1.7290211,1.7290211,1.7290211,1.7290211,1.7290211,1.7290211,1.7290211,1.7290211,1.7290211,1.7290211,1.7290211,1.7290211,1.7290211,1.7290211,1.7290211,1.7290211,1.7290211,1.7290211,1.7290211,1.7290211,1.7290211,1.7290211,1.7290211,1.7290211,1.7290211,1.7290211,1.7290211,1.7290211,1.7290211,1.7290211,1.7290211,1.7290211,1.7290211,1.7290211,1.7290211,0,0,0,0,0,0,0,0,0,0,0,0,0,0,0,0,0,0,0,0,0,0,0,0,0,0,0,0,0,0,0,0,0,0,0,0,0,0,0,0,0
0,0,0,0,0,0,0,0,0,0,0,0,0,0,0,0,0,0,0,0,0,0,0,0,0,0,0,0,0,0,0,0,0,0,0,0,0,0,0,0,0,0,0,0,0,0,0,0,0,0,0,0,0,0,0,0,0,0,0,0,0,0,0,0,0,0,0,0,0,0,0,0,0,0,0,0,0,0,0,0,0,0,0,0,0,0,0,0,0,0,0,0,0,0,0,0,0,0,0,0,0,0,0,0,0,0,0,0,0,0,0,0,0,0,0,0,0,0,0,0,0,0,0,0,0,0,0,0,0,0,0,0,0,0,0,0,0,0,0,0,0,0,0,0,0,0,0,0,0,0,0,0,0,0,0,0,0,0,0,0,0,0,0,0,0,0,0,0,0,0,0,0,0,0,0,0,0,0,0,0,0,0,0,0,0,0,0,0,0,0,0,0,0,0,0,0,0,0
0,0,0,0,0,0,0,0,0,0,0,0,0,0,0,0,0,0,0,0,0,0,0,0,0,0,0,0,0,0,0,0,0,0,0,0,0,0,0,0,0,0,0,0,0,0,0,0,0,0,0,0,0,0,0,0,0,0,0,0,0,0,0,0,0,0,0,0,0,0,0,0,0,0,0,0,0,0,0,0,0,0,0,0,0,0,0,0,0,0,0,0,0,0,0,0,0,0,0,0,0,0,0,0,0,0,0,0,0,0,0,0,0,0,0,0,0,0,0,0,0,0,0,0,0,0,0,0,0,0,0,0,0,0,0,0,0,0,0,0,0,0,0,0,0,0,0,0,0,0,0,0,0,0,0,0,0,0,0,0,0,0,0,0,0,0,0,0,0,0,0,0,0,0,0,0,0,0,0,0,0,0,0,0,0,0,0,0,0,0,0,0,0,0,0,0,0,0
0,0,0,0,0,0,0,0,0,0,0,0,0,0,0,0,0,0,0,0,0,0,0,0,0,0,0,0,0,0,0,0,0,0,0,0,0,0,0,0,0,0,0,0,0,0,0,0,0,0,0,0,0,0,0,0,0,0,0,0,0,0,0,0,0,0,0,0,0,0,0,0,0,0,0,0,0,0,0,0,0,0,0,0,0,0,0,0,0,0,0,0,0,0,0,0,0,0,0,0,0,0,0,0,0,0,0,0,0,0,0,0,0,0,0,0,0,0,0,0,0,0,0,0,0,0,0,0,0,0,0,0,0,0,0,0,0,0,0,0,0,0,0,0,0,0,0,0,0,0,0,0,0,0,0,0,0,0,0,0,0,0,0,0,0,0,0,0,0,0,0,0,0,0,0,0,0,0,0,0,0,0,0,0,0,0,0,0,0,0,0,0,0,0,0,0,0,0
0,0,0,0,0,0,0,0,0,0,0,0,0,0,0,0,0,0,0,0,0,0,0,0,0,0,0,0,0,0,0,0,0,0,0,0,0,0,0,0,0,0,0,0,0,0,0,0,0,0,0,0,0,0,0,0,0,0,0,0,0,0,0,0,0,0,0,0,0,0,0,0,0,0,0,0,0,0,0,0,0,0,0,0,0,0,0,0,0,0,0,0,0,0,0,0,0,0,0,0,0,0,0,0,0,0,0,0,0,0,0,0,0,0,0,0,0,0,0,0,0,0,0,0,0,0,0,0,0,0,0,0,0,0,0,0,0,0,0,0,0,0,0,0,0,0,0,0,0,0,0,0,0,0,0,0,0,0,0,0,0,0,0,0,0,0,0,0,0,0,0,0,0,0,0,0,0,0,0,0,0,0,0,0,0,0,0,0,0,0,0,0,0,0,0,0,0,0
0,0,0,0,0,0,0,0,0,0,0,0,0,0,0,0,0,0,0,0,0,0,0,0,0,0,0,0,0,0,0,0,0,0,0,0,0,0,0,0,0,0,0,0,0,0,0,0,0,0,0,0,0,0,0,0,0,0,0,0,0,0,0,0,0,0,0,0,0,0,0,0,0,0,0,0,0,0,0,0,0,0,0,0,0,0,0,0,0,0,0,0,0,0,0,0,0,0,0,0,0,0,0,0,0,0,0,0,0,0,0,0,0,0,0,0,0,0,0,0,0,0,0,0,0,0,0,0,0,0,0,0,0,0,0,0,0,0,0,0,0,0,0,0,0,0,0,0,0,0,0,0,0,0,0,0,0,0,0,0,0,0,0,0,0,0,0,0,0,0,0,0,0,0,0,0,0,0,0,0,0,0,0,0,0,0,0,0,0,0,0,0,0,0,0,0,0,0
0,0,0,0,0,0,0,0,0,0,0,0,0,0,0,0,0,0,0,0,0,0,0,0,0,0,0,0,0,0,0,0,0,0,0,0,0,0,0,0,0,0,0,0,0,0,0,0,0,0,0,0,0,0,0,0,0,0,0,0,0,0,0,0,0,0,0,0,0,0,0,0,0,0,0,0,0,0,0,0,0,0,0,0,0,0,0,0,0,0,0,0,0,0,0,0,0,0,0,0,0,0,0,0,0,0,0,0,0,0,0,0,0,0,0,0,0,0,0,0,0,0,0,0,0,0,0,0,0,0,0,0,0,0,0,0,0,0,0,0,0,0,0,0,0,0,0,0,0,0,0,0,0,0,0,0,0,0,0,0,0,0,0,0,0,0,0,0,0,0,0,0,0,0,0,0,0,0,0,0,0,0,0,0,0,0,0,0,0,0,0,0,0,0,0,0,0,0
0,0,0,0,0,0,0,0,0,0,0,0,0,0,0,0,0,0,0,0,0,0,0,0,0,0,0,0,0,0,0,0,0,0,0,0,0,0,0,0,0,0,0,0,0,0,0,0,0,0,0,0,0,0,0,0,0,0,0,0,0,0,0,0,0,0,0,0,0,0,0,0,0,0,0,0,0,0,0,0,0,0,0,0,0,0,0,0,0,0,0,0,0,0,0,0,0,0,0,0,0,0,0,0,0,0,0,0,0,0,0,0,0,0,0,0,0,0,0,0,0,0,0,0,0,0,0,0,0,0,0,0,0,0,0,0,0,0,0,0,0,0,0,0,0,0,0,0,0,0,0,0,0,0,0,0,0,0,0,0,0,0,0,0,0,0,0,0,0,0,0,0,0,0,0,0,0,0,0,0,0,0,0,0,0,0,0,0,0,0,0,0,0,0,0,0,0,0
0,0,0,0,0,0,0,0,0,0,0,0,0,0,0,0,0,0,0,0,0,0,0,0,0,0,0,0,0,0,0,0,0,0,0,0,0,0,0,0,0,0,0,0,0,0,0,0,0,0,0,0,0,0,0,0,0,0,0,0,0,0,0,0,0,0,0,0,0,0,0,0,0,0,0,0,0,0,0,0,0,0,0,0,0,0,0,0,0,0,0,0,0,0,0,0,0,0,0,0,0,0,0,0,0,0,0,0,0,0,0,0,0,0,0,0,0,0,0,0,0,0,0,0,0,0,0,0,0,0,0,0,0,0,0,0,0,0,0,0,0,0,0,0,0,0,0,0,0,0,0,0,0,0,0,0,0,0,0,0,0,0,0,0,0,0,0,0,0,0,0,0,0,0,0,0,0,0,0,0,0,0,0,0,0,0,0,0,0,0,0,0,0,0,0,0,0,0
0,0,0,0,0,0,0,0,0,0,0,0,0,0,0,0,0,0,0,0,0,0,0,0,0,0,0,0,0,0,0,0,0,0,0,0,0,0,0,0,0,0,0,0,0,0,0,0,0,0,0,0,0,0,0,0,0,0,0,0,0,0,0,0,0,0,0,0,0,0,0,0,0,0,0,0,0,0,0,0,0,0,0,0,0,0,0,0,0,0,0,0,0,0,0,0,0,0,0,0,0,0,0,0,0,0,0,0,0,0,0,0,0,0,0,0,0,0,0,0,0,0,0,0,0,0,0,0,0,0,0,0,0,0,0,0,0,0,0,0,0,0,0,0,0,0,0,0,0,0,0,0,0,0,0,0,0,0,0,0,0,0,0,0,0,0,0,0,0,0,0,0,0,0,0,0,0,0,0,0,0,0,0,0,0,0,0,0,0,0,0,0,0,0,0,0,0,0
0,0,0,0,0,0,0,0,0,0,0,0,0,0,0,0,0,0,0,0,0,0,0,0,0,0,0,0,0,0,0,0,0,0,0,0,0,0,0,0,0,0,0,0,0,0,0,0,0,0,0,0,0,0,0,0,0,0,0,0,0,0,0,0,0,0,0,0,0,0,0,0,0,0,0,0,0,0,0,0,0,0,0,0,0,0,0,0,0,0,0,0,0,0,0,0,0,0,0,0,0,0,0,0,0,0,0,0,0,0,0,0,0,0,0,0,0,0,0,0,0,0,0,0,0,0,0,0,0,0,0,0,0,0,0,0,0,0,0,0,0,0,0,0,0,0,0,0,0,0,0,0,0,0,0,0,0,0,0,0,0,0,0,0,0,0,0,0,0,0,0,0,0,0,0,0,0,0,0,0,0,0,0,0,0,0,0,0,0,0,0,0,0,0,0,0,0,0
0,0,0,0,0,0,0,0,0,0,0,0,0,0,0,0,0,0,0,0,0,0,0,0,0,0,0,0,0,0,0,0,0,0,0,0,0,0,0,0,0,0,0,0,0,0,0,0,0,0,0,0,0,0,0,0,0,0,0,0,0,0,0,0,0,0,0,0,0,0,0,0,0,0,0,0,0,0,0,0,0,0,0,0,0,0,0,0,0,0,0,0,0,0,0,0,0,0,0,0,0,0,0,0,0,0,0,0,0,0,0,0,0,0,0,0,0,0,0,0,0,0,0,0,0,0,0,0,0,0,0,0,0,0,0,0,0,0,0,0,0,0,0,0,0,0,0,0,0,0,0,0,0,0,0,0,0,0,0,0,0,0,0,0,0,0,0,0,0,0,0,0,0,0,0,0,0,0,0,0,0,0,0,0,0,0,0,0,0,0,0,0,0,0,0,0,0,0
0,0,0,0,0,0,0,0,0,0,0,0,0,0,0,0,0,0,0,0,0,0,0,0,0,0,0,0,0,0,0,0,0,0,0,0,0,0,0,0,0,0,0,0,0,0,0,0,0,0,0,0,0,0,0,0,0,0,0,0,0,0,0,0,0,0,0,0,0,0,0,0,0,0,0,0,0,0,0,0,0,0,0,0,0,0,0,0,0,0,0,0,0,0,0,0,0,0,0,0,0,0,0,0,0,0,0,0,0,0,0,0,0,0,0,0,0,0,0,0,0,0,0,0,0,0,0,0,0,0,0,0,0,0,0,0,0,0,0,0,0,0,0,0,0,0,0,0,0,0,0,0,0,0,0,0,0,0,0,0,0,0,0,0,0,0,0,0,0,0,0,0,0,0,0,0,0,0,0,0,0,0,0,0,0,0,0,0,0,0,0,0,0,0,0,0,0,0
0,0,0,0,0,0,0,0,0,0,0,0,0,0,0,0,0,0,0,0,0,0,0,0,0,0,0,0,0,0,0,0,0,0,0,0,0,0,0,0,0,0,0,0,0,0,0,0,0,0,0,0,0,0,0,0,0,0,0,0,0,0,0,0,0,0,0,0,0,0,0,0,0,0,0,0,0,0,0,0,0,0,0,0,0,0,0,0,0,0,0,0,0,0,0,0,0,0,0,0,0,0,0,0,0,0,0,0,0,0,0,0,0,0,0,0,0,0,0,0,0,0,0,0,0,0,0,0,0,0,0,0,0,0,0,0,0,0,0,0,0,0,0,0,0,0,0,0,0,0,0,0,0,0,0,0,0,0,0,0,0,0,0,0,0,0,0,0,0,0,0,0,0,0,0,0,0,0,0,0,0,0,0,0,0,0,0,0,0,0,0,0,0,0,0,0,0,0
0,0,0,0,0,0,0,0,0,0,0,0,0,0,0,0,0,0,0,0,0,0,0,0,0,0,0,0,0,0,0,0,0,0,0,0,0,0,0,0,0,0,0,0,0,0,0,0,0,0,0,0,0,0,0,0,0,0,0,0,0,0,0,0,0,0,0,0,0,0,0,0,0,0,0,0,0,0,0,0,0,0,0,0,0,0,0,0,0,0,0,0,0,0,0,0,0,0,0,0,0,0,0,0,0,0,0,0,0,0,0,0,0,0,0,0,0,0,0,0,0,0,0,0,0,0,0,0,0,0,0,0,0,0,0,0,0,0,0,0,0,0,0,0,0,0,0,0,0,0,0,0,0,0,0,0,0,0,0,0,0,0,0,0,0,0,0,0,0,0,0,0,0,0,0,0,0,0,0,0,0,0,0,0,0,0,0,0,0,0,0,0,0,0,0,0,0,0
0,0,0,0,0,0,0,0,0,0,0,0,0,0,0,0,0,0,0,0,0,0,0,0,0,0,0,0,0,0,0,0,0,0,0,0,0,0,0,0,0,0,0,0,0,0,0,0,0,0,0,0,0,0,0,0,0,0,0,0,0,0,0,0,0,0,0,0,0,0,0,0,0,0,0,0,0,0,0,0,0,0,0,0,0,0,0,0,0,0,0,0,0,0,0,0,0,0,0,0,0,0,0,0,0,0,0,0,0,0,0,0,0,0,0,0,0,0,0,0,0,0,0,0,0,0,0,0,0,0,0,0,0,0,0,0,0,0,0,0,0,0,0,0,0,0,0,0,0,0,0,0,0,0,0,0,0,0,0,0,0,0,0,0,0,0,0,0,0,0,0,0,0,0,0,0,0,0,0,0,0,0,0,0,0,0,0,0,0,0,0,0,0,0,0,0,0,0
0,0,0,0,0,0,0,0,0,0,0,0,0,0,0,0,0,0,0,0,0,0,0,0,0,0,0,0,0,0,0,0,0,0,0,0,0,0,0,0,0,0,0,0,0,0,0,0,0,0,0,0,0,0,0,0,0,0,0,0,0,0,0,0,0,0,0,0,0,0,0,0,0,0,0,0,0,0,0,0,0,0,0,0,0,0,0,0,0,0,0,0,0,0,0,0,0,0,0,0,0,0,0,0,0,0,0,0,0,0,0,0,0,0,0,0,0,0,0,0,0,0,0,0,0,0,0,0,0,0,0,0,0,0,0,0,0,0,0,0,0,0,0,0,0,0,0,0,0,0,0,0,0,0,0,0,0,0,0,0,0,0,0,0,0,0,0,0,0,0,0,0,0,0,0,0,0,0,0,0,0,0,0,0,0,0,0,0,0,0,0,0,0,0,0,0,0,0
0,0,0,0,0,0,0,0,0,0,0,0,0,0,0,0,0,0,0,0,0,0,0,0,0,0,0,0,0,0,0,0,0,0,0,0,0,0,0,0,0,0,0,0,0,0,0,0,0,0,0,0,0,0,0,0,0,0,0,0,0,0,0,0,0,0,0,0,0,0,0,0,0,0,0,0,0,0,0,0,0,0,0,0,0,0,0,0,0,0,0,0,0,0,0,0,0,0,0,0,0,0,0,0,0,0,0,0,0,0,0,0,0,0,0,0,0,0,0,0,0,0,0,0,0,0,0,0,0,0,0,0,0,0,0,0,0,0,0,0,0,0,0,0,0,0,0,0,0,0,0,0,0,0,0,0,0,0,0,0,0,0,0,0,0,0,0,0,0,0,0,0,0,0,0,0,0,0,0,0,0,0,0,0,0,0,0,0,0,0,0,0,0,0,0,0,0,0
0,0,0,0,0,0,0,0,0,0,0,0,0,0,0,0,0,0,0,0,0,0,0,0,0,0,0,0,0,0,0,0,0,0,0,0,0,0,0,0,0,0,0,0,0,0,0,0,0,0,0,0,0,0,0,0,0,0,0,0,0,0,0,0,0,0,0,0,0,0,0,0,0,0,0,0,0,0,0,0,0,0,0,0,0,0,0,0,0,0,0,0,0,0,0,0,0,0,0,0,0,0,0,0,0,0,0,0,0,0,0,0,0,0,0,0,0,0,0,0,0,0,0,0,0,0,0,0,0,0,0,0,0,0,0,0,0,0,0,0,0,0,0,0,0,0,0,0,0,0,0,0,0,0,0,0,0,0,0,0,0,0,0,0,0,0,0,0,0,0,0,0,0,0,0,0,0,0,0,0,0,0,0,0,0,0,0,0,0,0,0,0,0,0,0,0,0,0
0,0,0,0,0,0,0,0,0,0,0,0,0,0,0,0,0,0,0,0,0,0,0,0,0,0,0,0,0,0,0,0,0,0,0,0,0,0,0,0,0,0,0,0,0,0,0,0,0,0,0,0,0,0,0,0,0,0,0,0,0,0,0,0,0,0,0,0,0,0,0,0,0,0,0,0,0,0,0,0,0,0,0,0,0,0,0,0,0,0,0,0,0,0,0,0,0,0,0,0,0,0,0,0,0,0,0,0,0,0,0,0,0,0,0,0,0,0,0,0,0,0,0,0,0,0,0,0,0,0,0,0,0,0,0,0,0,0,0,0,0,0,0,0,0,0,0,0,0,0,0,0,0,0,0,0,0,0,0,0,0,0,0,0,0,0,0,0,0,0,0,0,0,0,0,0,0,0,0,0,0,0,0,0,0,0,0,0,0,0,0,0,0,0,0,0,0,0
0,0,0,0,0,0,0,0,0,0,0,0,0,0,0,0,0,0,0,0,0,0,0,0,0,0,0,0,0,0,0,0,0,0,0,0,0,0,0,0,0,0,0,0,0,0,0,0,0,0,0,0,0,0,0,0,0,0,0,0,0,0,0,0,0,0,0,0,0,0,0,0,0,0,0,0,0,0,0,0,0,0,0,0,0,0,0,0,0,0,0,0,0,0,0,0,0,0,0,0,0,0,0,0,0,0,0,0,0,0,0,0,0,0,0,0,0,0,0,0,0,0,0,0,0,0,0,0,0,0,0,0,0,0,0,0,0,0,0,0,0,0,0,0,0,0,0,0,0,0,0,0,0,0,0,0,0,0,0,0,0,0,0,0,0,0,0,0,0,0,0,0,0,0,0,0,0,0,0,0,0,0,0,0,0,0,0,0,0,0,0,0,0,0,0,0,0,0
0,0,0,0,0,0,0,0,0,0,0,0,0,0,0,0,0,0,0,0,0,0,0,0,0,0,0,0,0,0,0,0,0,0,0,0,0,0,0,0,0,0,0,0,0,0,0,0,0,0,0,0,0,0,0,0,0,0,0,0,0,0,0,0,0,0,0,0,0,0,0,0,0,0,0,0,0,0,0,0,0,0,0,0,0,0,0,0,0,0,0,0,0,0,0,0,0,0,0,0,0,0,0,0,0,0,0,0,0,0,0,0,0,0,0,0,0,0,0,0,0,0,0,0,0,0,0,0,0,0,0,0,0,0,0,0,0,0,0,0,0,0,0,0,0,0,0,0,0,0,0,0,0,0,0,0,0,0,0,0,0,0,0,0,0,0,0,0,0,0,0,0,0,0,0,0,0,0,0,0,0,0,0,0,0,0,0,0,0,0,0,0,0,0,0,0,0,0
0,0,0,0,0,0,0,0,0,0,0,0,0,0,0,0,0,0,0,0,0,0,0,0,0,0,0,0,0,0,0,0,0,0,0,0,0,0,0,0,0,0,0,0,0,0,0,0,0,0,0,0,0,0,0,0,0,0,0,0,0,0,0,0,0,0,0,0,0,0,0,0,0,0,0,0,0,0,0,0,0,0,0,0,0,0,0,0,0,0,0,0,0,0,0,0,0,0,0,0,0,0,0,0,0,0,0,0,0,0,0,0,0,0,0,0,0,0,0,0,0,0,0,0,0,0,0,0,0,0,0,0,0,0,0,0,0,0,0,0,0,0,0,0,0,0,0,0,0,0,0,0,0,0,0,0,0,0,0,0,0,0,0,0,0,0,0,0,0,0,0,0,0,0,0,0,0,0,0,0,0,0,0,0,0,0,0,0,0,0,0,0,0,0,0,0,0,0
0,0,0,0,0,0,0,0,0,0,0,0,0,0,0,0,0,0,0,0,0,0,0,0,0,0,0,0,0,0,0,0,0,0,0,0,0,0,0,0,0,0,0,0,0,0,0,0,0,0,0,0,0,0,0,0,0,0,0,0,0,0,0,0,0,0,0,0,0,0,0,0,0,0,0,0,0,0,0,0,0,0,0,0,0,0,0,0,0,0,0,0,0,0,0,0,0,0,0,0,0,0,0,0,0,0,0,0,0,0,0,0,0,0,0,0,0,0,0,0,0,0,0,0,0,0,0,0,0,0,0,0,0,0,0,0,0,0,0,0,0,0,0,0,0,0,0,0,0,0,0,0,0,0,0,0,0,0,0,0,0,0,0,0,0,0,0,0,0,0,0,0,0,0,0,0,0,0,0,0,0,0,0,0,0,0,0,0,0,0,0,0,0,0,0,0,0,0
0,0,0,0,0,0,0,0,0,0,0,0,0,0,0,0,0,0,0,0,0,0,0,0,0,0,0,0,0,0,0,0,0,0,0,0,0,0,0,0,0,0,0,0,0,0,0,0,0,0,0,0,0,0,0,0,0,0,0,0,0,0,0,0,0,0,0,0,0,0,0,0,0,0,0,0,0,0,0,0,0,0,0,0,0,0,0,0,0,0,0,0,0,0,0,0,0,0,0,0,0,0,0,0,0,0,0,0,0,0,0,0,0,0,0,0,0,0,0,0,0,0,0,0,0,0,0,0,0,0,0,0,0,0,0,0,0,0,0,0,0,0,0,0,0,0,0,0,0,0,0,0,0,0,0,0,0,0,0,0,0,0,0,0,0,0,0,0,0,0,0,0,0,0,0,0,0,0,0,0,0,0,0,0,0,0,0,0,0,0,0,0,0,0,0,0,0,0
0,0,0,0,0,0,0,0,0,0,0,0,0,0,0,0,0,0,0,0,0,0,0,0,0,0,0,0,0,0,0,0,0,0,0,0,0,0,0,0,0,0,0,0,0,0,0,0,0,0,0,0,0,0,0,0,0,0,0,0,0,0,0,0,0,0,0,0,0,0,0,0,0,0,0,0,0,0,0,0,0,0,0,0,0,0,0,0,0,0,0,0,0,0,0,0,0,0,0,0,0,0,0,0,0,0,0,0,0,0,0,0,0,0,0,0,0,0,0,0,0,0,0,0,0,0,0,0,0,0,0,0,0,0,0,0,0,0,0,0,0,0,0,0,0,0,0,0,0,0,0,0,0,0,0,0,0,0,0,0,0,0,0,0,0,0,0,0,0,0,0,0,0,0,0,0,0,0,0,0,0,0,0,0,0,0,0,0,0,0,0,0,0,0,0,0,0,0
0,0,0,0,0,0,0,0,0,0,0,0,0,0,0,0,0,0,0,0,0,0,0,0,0,0,0,0,0,0,0,0,0,0,0,0,0,0,0,0,0,0,0,0,0,0,0,0,0,0,0,0,0,0,0,0,0,0,0,0,0,0,0,0,0,0,0,0,0,0,0,0,0,0,0,0,0,0,0,0,0,0,0,0,0,0,0,0,0,0,0,0,0,0,0,0,0,0,0,0,0,0,0,0,0,0,0,0,0,0,0,0,0,0,0,0,0,0,0,0,0,0,0,0,0,0,0,0,0,0,0,0,0,0,0,0,0,0,0,0,0,0,0,0,0,0,0,0,0,0,0,0,0,0,0,0,0,0,0,0,0,0,0,0,0,0,0,0,0,0,0,0,0,0,0,0,0,0,0,0,0,0,0,0,0,0,0,0,0,0,0,0,0,0,0,0,0,0
0,0,0,0,0,0,0,0,0,0,0,0,0,0,0,0,0,0,0,0,0,0,0,0,0,0,0,0,0,0,0,0,0,0,0,0,0,0,0,0,0,0,0,0,0,0,0,0,0,0,0,0,0,0,0,0,0,0,0,0,0,0,0,0,0,0,0,0,0,0,0,0,0,0,0,0,0,0,0,0,0,0,0,0,0,0,0,0,0,0,0,0,0,0,0,0,0,0,0,0,0,0,0,0,0,0,0,0,0,0,0,0,0,0,0,0,0,0,0,0,0,0,0,0,0,0,0,0,0,0,0,0,0,0,0,0,0,0,0,0,0,0,0,0,0,0,0,0,0,0,0,0,0,0,0,0,0,0,0,0,0,0,0,0,0,0,0,0,0,0,0,0,0,0,0,0,0,0,0,0,0,0,0,0,0,0,0,0,0,0,0,0,0,0,0,0,0,0
0,0,0,0,0,0,0,0,0,0,0,0,0,0,0,0,0,0,0,0,0,0,0,0,0,0,0,0,0,0,0,0,0,0,0,0,0,0,0,0,0,0,0,0,0,0,0,0,0,0,0,0,0,0,0,0,0,0,0,0,0,0,0,0,0,0,0,0,0,0,0,0,0,0,0,0,0,0,0,0,0,0,0,0,0,0,0,0,0,0,0,0,0,0,0,0,0,0,0,0,0,0,0,0,0,0,0,0,0,0,0,0,0,0,0,0,0,0,0,0,0,0,0,0,0,0,0,0,0,0,0,0,0,0,0,0,0,0,0,0,0,0,0,0,0,0,0,0,0,0,0,0,0,0,0,0,0,0,0,0,0,0,0,0,0,0,0,0,0,0,0,0,0,0,0,0,0,0,0,0,0,0,0,0,0,0,0,0,0,0,0,0,0,0,0,0,0,0
0,0,0,0,0,0,0,0,0,0,0,0,0,0,0,0,0,0,0,0,0,0,0,0,0,0,0,0,0,0,0,0,0,0,0,0,0,0,0,0,0,0,0,0,0,0,0,0,0,0,0,0,0,0,0,0,0,0,0,0,0,0,0,0,0,0,0,0,0,0,0,0,0,0,0,0,0,0,0,0,0,0,0,0,0,0,0,0,0,0,0,0,0,0,0,0,0,0,0,0,0,0,0,0,0,0,0,0,0,0,0,0,0,0,0,0,0,0,0,0,0,0,0,0,0,0,0,0,0,0,0,0,0,0,0,0,0,0,0,0,0,0,0,0,0,0,0,0,0,0,0,0,0,0,0,0,0,0,0,0,0,0,0,0,0,0,0,0,0,0,0,0,0,0,0,0,0,0,0,0,0,0,0,0,0,0,0,0,0,0,0,0,0,0,0,0,0,0
0,0,0,0,0,0,0,0,0,0,0,0,0,0,0,0,0,0,0,0,0,0,0,0,0,0,0,0,0,0,0,0,0,0,0,0,0,0,0,0,0,0,0,0,0,0,0,0,0,0,0,0,0,0,0,0,0,0,0,0,0,0,0,0,0,0,0,0,0,0,0,0,0,0,0,0,0,0,0,0,0,0,0,0,0,0,0,0,0,0,0,0,0,0,0,0,0,0,0,0,0,0,0,0,0,0,0,0,0,0,0,0,0,0,0,0,0,0,0,0,0,0,0,0,0,0,0,0,0,0,0,0,0,0,0,0,0,0,0,0,0,0,0,0,0,0,0,0,0,0,0,0,0,0,0,0,0,0,0,0,0,0,0,0,0,0,0,0,0,0,0,0,0,0,0,0,0,0,0,0,0,0,0,0,0,0,0,0,0,0,0,0,0,0,0,0,0,0
0,0,0,0,0,0,0,0,0,0,0,0,0,0,0,0,0,0,0,0,0,0,0,0,0,0,0,0,0,0,0,0,0,0,0,0,0,0,0,0,0,0,0,0,0,0,0,0,0,0,0,0,0,0,0,0,0,0,0,0,0,0,0,0,0,0,0,0,0,0,0,0,0,0,0,0,0,0,0,0,0,0,0,0,0,0,0,0,0,0,0,0,0,0,0,0,0,0,0,0,0,0,0,0,0,0,0,0,0,0,0,0,0,0,0,0,0,0,0,0,0,0,0,0,0,0,0,0,0,0,0,0,0,0,0,0,0,0,0,0,0,0,0,0,0,0,0,0,0,0,0,0,0,0,0,0,0,0,0,0,0,0,0,0,0,0,0,0,0,0,0,0,0,0,0,0,0,0,0,0,0,0,0,0,0,0,0,0,0,0,0,0,0,0,0,0,0,0
0,0,0,0,0,0,0,0,0,0,0,0,0,0,0,0,0,0,0,0,0,0,0,0,0,0,0,0,0,0,0,0,0,0,0,0,0,0,0,0,0,0,0,0,0,0,0,0,0,0,0,0,0,0,0,0,0,0,0,0,0,0,0,0,0,0,0,0,0,0,0,0,0,0,0,0,0,0,0,0,0,0,0,0,0,0,0,0,0,0,0,0,0,0,0,0,0,0,0,0,0,0,0,0,0,0,0,0,0,0,0,0,0,0,0,0,0,0,0,0,0,0,0,0,0,0,0,0,0,0,0,0,0,0,0,0,0,0,0,0,0,0,0,0,0,0,0,0,0,0,0,0,0,0,0,0,0,0,0,0,0,0,0,0,0,0,0,0,0,0,0,0,0,0,0,0,0,0,0,0,0,0,0,0,0,0,0,0,0,0,0,0,0,0,0,0,0,0
0,0,0,0,0,0,0,0,0,0,0,0,0,0,0,0,0,0,0,0,0,0,0,0,0,0,0,0,0,0,0,0,0,0,0,0,0,0,0,0,0,0,0,0,0,0,0,0,0,0,0,0,0,0,0,0,0,0,0,0,0,0,0,0,0,0,0,0,0,0,0,0,0,0,0,0,0,0,0,0,0,0,0,0,0,0,0,0,0,0,0,0,0,0,0,0,0,0,0,0,0,0,0,0,0,0,0,0,0,0,0,0,0,0,0,0,0,0,0,0,0,0,0,0,0,0,0,0,0,0,0,0,0,0,0,0,0,0,0,0,0,0,0,0,0,0,0,0,0,0,0,0,0,0,0,0,0,0,0,0,0,0,0,0,0,0,0,0,0,0,0,0,0,0,0,0,0,0,0,0,0,0,0,0,0,0,0,0,0,0,0,0,0,0,0,0,0,0
0,0,0,0,0,0,0,0,0,0,0,0,0,0,0,0,0,0,0,0,0,0,0,0,0,0,0,0,0,0,0,0,0,0,0,0,0,0,0,0,0,0,0,0,0,0,0,0,0,0,0,0,0,0,0,0,0,0,0,0,0,0,0,0,0,0,0,0,0,0,0,0,0,0,0,0,0,0,0,0,0,0,0,0,0,0,0,0,0,0,0,0,0,0,0,0,0,0,0,0,0,0,0,0,0,0,0,0,0,0,0,0,0,0,0,0,0,0,0,0,0,0,0,0,0,0,0,0,0,0,0,0,0,0,0,0,0,0,0,0,0,0,0,0,0,0,0,0,0,0,0,0,0,0,0,0,0,0,0,0,0,0,0,0,0,0,0,0,0,0,0,0,0,0,0,0,0,0,0,0,0,0,0,0,0,0,0,0,0,0,0,0,0,0,0,0,0,0
0,0,0,0,0,0,0,0,0,0,0,0,0,0,0,0,0,0,0,0,0,0,0,0,0,0,0,0,0,0,0,0,0,0,0,0,0,0,0,0,0,0,0,0,0,0,0,0,0,0,0,0,0,0,0,0,0,0,0,0,0,0,0,0,0,0,0,0,0,0,0,0,0,0,0,0,0,0,0,0,0,0,0,0,0,0,0,0,0,0,0,0,0,0,0,0,0,0,0,0,0,0,0,0,0,0,0,0,0,0,0,0,0,0,0,0,0,0,0,0,0,0,0,0,0,0,0,0,0,0,0,0,0,0,0,0,0,0,0,0,0,0,0,0,0,0,0,0,0,0,0,0,0,0,0,0,0,0,0,0,0,0,0,0,0,0,0,0,0,0,0,0,0,0,0,0,0,0,0,0,0,0,0,0,0,0,0,0,0,0,0,0,0,0,0,0,0,0
0,0,0,0,0,0,0,0,0,0,0,0,0,0,0,0,0,0,0,0,0,0,0,0,0,0,0,0,0,0,0,0,0,0,0,0,0,0,0,0,0,0,0,0,0,0,0,0,0,0,0,0,0,0,0,0,0,0,0,0,0,0,0,0,0,0,0,0,0,0,0,0,0,0,0,0,0,0,0,0,0,0,0,0,0,0,0,0,0,0,0,0,0,0,0,0,0,0,0,0,0,0,0,0,0,0,0,0,0,0,0,0,0,0,0,0,0,0,0,0,0,0,0,0,0,0,0,0,0,0,0,0,0,0,0,0,0,0,0,0,0,0,0,0,0,0,0,0,0,0,0,0,0,0,0,0,0,0,0,0,0,0,0,0,0,0,0,0,0,0,0,0,0,0,0,0,0,0,0,0,0,0,0,0,0,0,0,0,0,0,0,0,0,0,0,0,0,0
0,0,0,0,0,0,0,0,0,0,0,0,0,0,0,0,0,0,0,0,0,0,0,0,0,0,0,0,0,0,0,0,0,0,0,0,0,0,0,0,0,0,0,0,0,0,0,0,0,0,0,0,0,0,0,0,0,0,0,0,0,0,0,0,0,0,0,0,0,0,0,0,0,0,0,0,0,0,0,0,0,0,0,0,0,0,0,0,0,0,0,0,0,0,0,0,0,0,0,0,0,0,0,0,0,0,0,0,0,0,0,0,0,0,0,0,0,0,0,0,0,0,0,0,0,0,0,0,0,0,0,0,0,0,0,0,0,0,0,0,0,0,0,0,0,0,0,0,0,0,0,0,0,0,0,0,0,0,0,0,0,0,0,0,0,0,0,0,0,0,0,0,0,0,0,0,0,0,0,0,0,0,0,0,0,0,0,0,0,0,0,0,0,0,0,0,0,0
0,0,0,0,0,0,0,0,0,0,0,0,0,0,0,0,0,0,0,0,0,0,0,0,0,0,0,0,0,0,0,0,0,0,0,0,0,0,0,0,0,0,0,0,0,0,0,0,0,0,0,0,0,0,0,0,0,0,0,0,0,0,0,0,0,0,0,0,0,0,0,0,0,0,0,0,0,0,0,0,0,0,0,0,0,0,0,0,0,0,0,0,0,0,0,0,0,0,0,0,0,0,0,0,0,0,0,0,0,0,0,0,0,0,0,0,0,0,0,0,0,0,0,0,0,0,0,0,0,0,0,0,0,0,0,0,0,0,0,0,0,0,0,0,0,0,0,0,0,0,0,0,0,0,0,0,0,0,0,0,0,0,0,0,0,0,0,0,0,0,0,0,0,0,0,0,0,0,0,0,0,0,0,0,0,0,0,0,0,0,0,0,0,0,0,0,0,0
0,0,0,0,0,0,0,0,0,0,0,0,0,0,0,0,0,0,0,0,0,0,0,0,0,0,0,0,0,0,0,0,0,0,0,0,0,0,0,0,0,0,0,0,0,0,0,0,0,0,0,0,0,0,0,0,0,0,0,0,0,0,0,0,0,0,0,0,0,0,0,0,0,0,0,0,0,0,0,0,0,0,0,0,0,0,0,0,0,0,0,0,0,0,0,0,0,0,0,0,0,0,0,0,0,0,0,0,0,0,0,0,0,0,0,0,0,0,0,0,0,0,0,0,0,0,0,0,0,0,0,0,0,0,0,0,0,0,0,0,0,0,0,0,0,0,0,0,0,0,0,0,0,0,0,0,0,0,0,0,0,0,0,0,0,0,0,0,0,0,0,0,0,0,0,0,0,0,0,0,0,0,0,0,0,0,0,0,0,0,0,0,0,0,0,0,0,0
0,0,0,0,0,0,0,0,0,0,0,0,0,0,0,0,0,0,0,0,0,0,0,0,0,0,0,0,0,0,0,0,0,0,0,0,0,0,0,0,0,0,0,0,0,0,0,0,0,0,0,0,0,0,0,0,0,0,0,0,0,0,0,0,0,0,0,0,0,0,0,0,0,0,0,0,0,0,0,0,0,0,0,0,0,0,0,0,0,0,0,0,0,0,0,0,0,0,0,0,0,0,0,0,0,0,0,0,0,0,0,0,0,0,0,0,0,0,0,0,0,0,0,0,0,0,0,0,0,0,0,0,0,0,0,0,0,0,0,0,0,0,0,0,0,0,0,0,0,0,0,0,0,0,0,0,0,0,0,0,0,0,0,0,0,0,0,0,0,0,0,0,0,0,0,0,0,0,0,0,0,0,0,0,0,0,0,0,0,0,0,0,0,0,0,0,0,0
0,0,0,0,0,0,0,0,0,0,0,0,0,0,0,0,0,0,0,0,0,0,0,0,0,0,0,0,0,0,0,0,0,0,0,0,0,0,0,0,0,0,0,0,0,0,0,0,0,0,0,0,0,0,0,0,0,0,0,0,0,0,0,0,0,0,0,0,0,0,0,0,0,0,0,0,0,0,0,0,0,0,0,0,0,0,0,0,0,0,0,0,0,0,0,0,0,0,0,0,0,0,0,0,0,0,0,0,0,0,0,0,0,0,0,0,0,0,0,0,0,0,0,0,0,0,0,0,0,0,0,0,0,0,0,0,0,0,0,0,0,0,0,0,0,0,0,0,0,0,0,0,0,0,0,0,0,0,0,0,0,0,0,0,0,0,0,0,0,0,0,0,0,0,0,0,0,0,0,0,0,0,0,0,0,0,0,0,0,0,0,0,0,0,0,0,0,0
0,0,0,0,0,0,0,0,0,0,0,0,0,0,0,0,0,0,0,0,0,0,0,0,0,0,0,0,0,0,0,0,0,0,0,0,0,0,0,0,0,0,0,0,0,0,0,0,0,0,0,0,0,0,0,0,0,0,0,0,0,0,0,0,0,0,0,0,0,0,0,0,0,0,0,0,0,0,0,0,0,0,0,0,0,0,0,0,0,0,0,0,0,0,0,0,0,0,0,0,0,0,0,0,0,0,0,0,0,0,0,0,0,0,0,0,0,0,0,0,0,0,0,0,0,0,0,0,0,0,0,0,0,0,0,0,0,0,0,0,0,0,0,0,0,0,0,0,0,0,0,0,0,0,0,0,0,0,0,0,0,0,0,0,0,0,0,0,0,0,0,0,0,0,0,0,0,0,0,0,0,0,0,0,0,0,0,0,0,0,0,0,0,0,0,0,0,0
0,0,0,0,0,0,0,0,0,0,0,0,0,0,0,0,0,0,0,0,0,0,0,0,0,0,0,0,0,0,0,0,0,0,0,0,0,0,0,0,0,0,0,0,0,0,0,0,0,0,0,0,0,0,0,0,0,0,0,0,0,0,0,0,0,0,0,0,0,0,0,0,0,0,0,0,0,0,0,0,0,0,0,0,0,0,0,0,0,0,0,0,0,0,0,0,0,0,0,0,0,0,0,0,0,0,0,0,0,0,0,0,0,0,0,0,0,0,0,0,0,0,0,0,0,0,0,0,0,0,0,0,0,0,0,0,0,0,0,0,0,0,0,0,0,0,0,0,0,0,0,0,0,0,0,0,0,0,0,0,0,0,0,0,0,0,0,0,0,0,0,0,0,0,0,0,0,0,0,0,0,0,0,0,0,0,0,0,0,0,0,0,0,0,0,0,0,0
0,0,0,0,0,0,0,0,0,0,0,0,0,0,0,0,0,0,0,0,0,0,0,0,0,0,0,0,0,0,0,0,0,0,0,0,0,0,0,0,0,0,0,0,0,0,0,0,0,0,0,0,0,0,0,0,0,0,0,0,0,0,0,0,0,0,0,0,0,0,0,0,0,0,0,0,0,0,0,0,0,0,0,0,0,0,0,0,0,0,0,0,0,0,0,0,0,0,0,0,0,0,0,0,0,0,0,0,0,0,0,0,0,0,0,0,0,0,0,0,0,0,0,0,0,0,0,0,0,0,0,0,0,0,0,0,0,0,0,0,0,0,0,0,0,0,0,0,0,0,0,0,0,0,0,0,0,0,0,0,0,0,0,0,0,0,0,0,0,0,0,0,0,0,0,0,0,0,0,0,0,0,0,0,0,0,0,0,0,0,0,0,0,0,0,0,0,0
0,0,0,0,0,0,0,0,0,0,0,0,0,0,0,0,0,0,0,0,0,0,0,0,0,0,0,0,0,0,0,0,0,0,0,0,0,0,0,0,0,0,0,0,0,0,0,0,0,0,0,0,0,0,0,0,0,0,0,0,0,0,0,0,0,0,0,0,0,0,0,0,0,0,0,0,0,0,0,0,0,0,0,0,0,0,0,0,0,0,0,0,0,0,0,0,0,0,0,0,0,0,0,0,0,0,0,0,0,0,0,0,0,0,0,0,0,0,0,0,0,0,0,0,0,0,0,0,0,0,0,0,0,0,0,0,0,0,0,0,0,0,0,0,0,0,0,0,0,0,0,0,0,0,0,0,0,0,0,0,0,0,0,0,0,0,0,0,0,0,0,0,0,0,0,0,0,0,0,0,0,0,0,0,0,0,0,0,0,0,0,0,0,0,0,0,0,0
0,0,0,0,0,0,0,0,0,0,0,0,0,0,0,0,0,0,0,0,0,0,0,0,0,0,0,0,0,0,0,0,0,0,0,0,0,0,0,0,0,0,0,0,0,0,0,0,0,0,0,0,0,0,0,0,0,0,0,0,0,0,0,0,0,0,0,0,0,0,0,0,0,0,0,0,0,0,0,0,0,0,0,0,0,0,0,0,0,0,0,0,0,0,0,0,0,0,0,0,0,0,0,0,0,0,0,0,0,0,0,0,0,0,0,0,0,0,0,0,0,0,0,0,0,0,0,0,0,0,0,0,0,0,0,0,0,0,0,0,0,0,0,0,0,0,0,0,0,0,0,0,0,0,0,0,0,0,0,0,0,0,0,0,0,0,0,0,0,0,0,0,0,0,0,0,0,0,0,0,0,0,0,0,0,0,0,0,0,0,0,0,0,0,0,0,0,0
0,0,0,0,0,0,0,0,0,0,0,0,0,0,0,0,0,0,0,0,0,0,0,0,0,0,0,0,0,0,0,0,0,0,0,0,0,0,0,0,0,0,0,0,0,0,0,0,0,0,0,0,0,0,0,0,0,0,0,0,0,0,0,0,0,0,0,0,0,0,0,0,0,0,0,0,0,0,0,0,0,0,0,0,0,0,0,0,0,0,0,0,0,0,0,0,0,0,0,0,0,0,0,0,0,0,0,0,0,0,0,0,0,0,0,0,0,0,0,0,0,0,0,0,0,0,0,0,0,0,0,0,0,0,0,0,0,0,0,0,0,0,0,0,0,0,0,0,0,0,0,0,0,0,0,0,0,0,0,0,0,0,0,0,0,0,0,0,0,0,0,0,0,0,0,0,0,0,0,0,0,0,0,0,0,0,0,0,0,0,0,0,0,0,0,0,0,0
0,0,0,0,0,0,0,0,0,0,0,0,0,0,0,0,0,0,0,0,0,0,0,0,0,0,0,0,0,0,0,0,0,0,0,0,0,0,0,0,0,0,0,0,0,0,0,0,0,0,0,0,0,0,0,0,0,0,0,0,0,0,0,0,0,0,0,0,0,0,0,0,0,0,0,0,0,0,0,0,0,0,0,0,0,0,0,0,0,0,0,0,0,0,0,0,0,0,0,0,0,0,0,0,0,0,0,0,0,0,0,0,0,0,0,0,0,0,0,0,0,0,0,0,0,0,0,0,0,0,0,0,0,0,0,0,0,0,0,0,0,0,0,0,0,0,0,0,0,0,0,0,0,0,0,0,0,0,0,0,0,0,0,0,0,0,0,0,0,0,0,0,0,0,0,0,0,0,0,0,0,0,0,0,0,0,0,0,0,0,0,0,0,0,0,0,0,0
0,0,0,0,0,0,0,0,0,0,0,0,0,0,0,0,0,0,0,0,0,0,0,0,0,0,0,0,0,0,0,0,0,0,0,0,0,0,0,0,0,0,0,0,0,0,0,0,0,0,0,0,0,0,0,0,0,0,0,0,0,0,0,0,0,0,0,0,0,0,0,0,0,0,0,0,0,0,0,0,0,0,0,0,0,0,0,0,0,0,0,0,0,0,0,0,0,0,0,0,0,0,0,0,0,0,0,0,0,0,0,0,0,0,0,0,0,0,0,0,0,0,0,0,0,0,0,0,0,0,0,0,0,0,0,0,0,0,0,0,0,0,0,0,0,0,0,0,0,0,0,0,0,0,0,0,0,0,0,0,0,0,0,0,0,0,0,0,0,0,0,0,0,0,0,0,0,0,0,0,0,0,0,0,0,0,0,0,0,0,0,0,0,0,0,0,0,0
0,0,0,0,0,0,0,0,0,0,0,0,0,0,0,0,0,0,0,0,0,0,0,0,0,0,0,0,0,0,0,0,0,0,0,0,0,0,0,0,0,0,0,0,0,0,0,0,0,0,0,0,0,0,0,0,0,0,0,0,0,0,0,0,0,0,0,0,0,0,0,0,0,0,0,0,0,0,0,0,0,0,0,0,0,0,0,0,0,0,0,0,0,0,0,0,0,0,0,0,0,0,0,0,0,0,0,0,0,0,0,0,0,0,0,0,0,0,0,0,0,0,0,0,0,0,0,0,0,0,0,0,0,0,0,0,0,0,0,0,0,0,0,0,0,0,0,0,0,0,0,0,0,0,0,0,0,0,0,0,0,0,0,0,0,0,0,0,0,0,0,0,0,0,0,0,0,0,0,0,0,0,0,0,0,0,0,0,0,0,0,0,0,0,0,0,0,0
0,0,0,0,0,0,0,0,0,0,0,0,0,0,0,0,0,0,0,0,0,0,0,0,0,0,0,0,0,0,0,0,0,0,0,0,0,0,0,0,0,0,0,0,0,0,0,0,0,0,0,0,0,0,0,0,0,0,0,0,0,0,0,0,0,0,0,0,0,0,0,0,0,0,0,0,0,0,0,0,0,0,0,0,0,0,0,0,0,0,0,0,0,0,0,0,0,0,0,0,0,0,0,0,0,0,0,0,0,0,0,0,0,0,0,0,0,0,0,0,0,0,0,0,0,0,0,0,0,0,0,0,0,0,0,0,0,0,0,0,0,0,0,0,0,0,0,0,0,0,0,0,0,0,0,0,0,0,0,0,0,0,0,0,0,0,0,0,0,0,0,0,0,0,0,0,0,0,0,0,0,0,0,0,0,0,0,0,0,0,0,0,0,0,0,0,0,0
0,0,0,0,0,0,0,0,0,0,0,0,0,0,0,0,0,0,0,0,0,0,0,0,0,0,0,0,0,0,0,0,0,0,0,0,0,0,0,0,0,0,0,0,0,0,0,0,0,0,0,0,0,0,0,0,0,0,0,0,0,0,0,0,0,0,0,0,0,0,0,0,0,0,0,0,0,0,0,0,0,0,0,0,0,0,0,0,0,0,0,0,0,0,0,0,0,0,0,0,0,0,0,0,0,0,0,0,0,0,0,0,0,0,0,0,0,0,0,0,0,0,0,0,0,0,0,0,0,0,0,0,0,0,0,0,0,0,0,0,0,0,0,0,0,0,0,0,0,0,0,0,0,0,0,0,0,0,0,0,0,0,0,0,0,0,0,0,0,0,0,0,0,0,0,0,0,0,0,0,0,0,0,0,0,0,0,0,0,0,0,0,0,0,0,0,0,0
0,0,0,0,0,0,0,0,0,0,0,0,0,0,0,0,0,0,0,0,0,0,0,0,0,0,0,0,0,0,0,0,0,0,0,0,0,0,0,0,0,0,0,0,0,0,0,0,0,0,0,0,0,0,0,0,0,0,0,0,0,0,0,0,0,0,0,0,0,0,0,0,0,0,0,0,0,0,0,0,0,0,0,0,0,0,0,0,0,0,0,0,0,0,0,0,0,0,0,0,0,0,0,0,0,0,0,0,0,0,0,0,0,0,0,0,0,0,0,0,0,0,0,0,0,0,0,0,0,0,0,0,0,0,0,0,0,0,0,0,0,0,0,0,0,0,0,0,0,0,0,0,0,0,0,0,0,0,0,0,0,0,0,0,0,0,0,0,0,0,0,0,0,0,0,0,0,0,0,0,0,0,0,0,0,0,0,0,0,0,0,0,0,0,0,0,0,0
0,0,0,0,0,0,0,0,0,0,0,0,0,0,0,0,0,0,0,0,0,0,0,0,0,0,0,0,0,0,0,0,0,0,0,0,0,0,0,0,0,0,0,0,0,0,0,0,0,0,0,0,0,0,0,0,0,0,0,0,0,0,0,0,0,0,0,0,0,0,0,0,0,0,0,0,0,0,0,0,0,0,0,0,0,0,0,0,0,0,0,0,0,0,0,0,0,0,0,0,0,0,0,0,0,0,0,0,0,0,0,0,0,0,0,0,0,0,0,0,0,0,0,0,0,0,0,0,0,0,0,0,0,0,0,0,0,0,0,0,0,0,0,0,0,0,0,0,0,0,0,0,0,0,0,0,0,0,0,0,0,0,0,0,0,0,0,0,0,0,0,0,0,0,0,0,0,0,0,0,0,0,0,0,0,0,0,0,0,0,0,0,0,0,0,0,0,0
0,0,0,0,0,0,0,0,0,0,0,0,0,0,0,0,0,0,0,0,0,0,0,0,0,0,0,0,0,0,0,0,0,0,0,0,0,0,0,0,0,0,0,0,0,0,0,0,0,0,0,0,0,0,0,0,0,0,0,0,0,0,0,0,0,0,0,0,0,0,0,0,0,0,0,0,0,0,0,0,0,0,0,0,0,0,0,0,0,0,0,0,0,0,0,0,0,0,0,0,0,0,0,0,0,0,0,0,0,0,0,0,0,0,0,0,0,0,0,0,0,0,0,0,0,0,0,0,0,0,0,0,0,0,0,0,0,0,0,0,0,0,0,0,0,0,0,0,0,0,0,0,0,0,0,0,0,0,0,0,0,0,0,0,0,0,0,0,0,0,0,0,0,0,0,0,0,0,0,0,0,0,0,0,0,0,0,0,0,0,0,0,0,0,0,0,0,0
0,0,0,0,0,0,0,0,0,0,0,0,0,0,0,0,0,0,0,0,0,0,0,0,0,0,0,0,0,0,0,0,0,0,0,0,0,0,0,0,0,0,0,0,0,0,0,0,0,0,0,0,0,0,0,0,0,0,0,0,0,0,0,0,0,0,0,0,0,0,0,0,0,0,0,0,0,0,0,0,0,0,0,0,0,0,0,0,0,0,0,0,0,0,0,0,0,0,0,0,0,0,0,0,0,0,0,0,0,0,0,0,0,0,0,0,0,0,0,0,0,0,0,0,0,0,0,0,0,0,0,0,0,0,0,0,0,0,0,0,0,0,0,0,0,0,0,0,0,0,0,0,0,0,0,0,0,0,0,0,0,0,0,0,0,0,0,0,0,0,0,0,0,0,0,0,0,0,0,0,0,0,0,0,0,0,0,0,0,0,0,0,0,0,0,0,0,0
0,0,0,0,0,0,0,0,0,0,0,0,0,0,0,0,0,0,0,0,0,0,0,0,0,0,0,0,0,0,0,0,0,0,0,0,0,0,0,0,0,0,0,0,0,0,0,0,0,0,0,0,0,0,0,0,0,0,0,0,0,0,0,0,0,0,0,0,0,0,0,0,0,0,0,0,0,0,0,0,0,0,0,0,0,0,0,0,0,0,0,0,0,0,0,0,0,0,0,0,0,0,0,0,0,0,0,0,0,0,0,0,0,0,0,0,0,0,0,0,0,0,0,0,0,0,0,0,0,0,0,0,0,0,0,0,0,0,0,0,0,0,0,0,0,0,0,0,0,0,0,0,0,0,0,0,0,0,0,0,0,0,0,0,0,0,0,0,0,0,0,0,0,0,0,0,0,0,0,0,0,0,0,0,0,0,0,0,0,0,0,0,0,0,0,0,0,0
0,0,0,0,0,0,0,0,0,0,0,0,0,0,0,0,0,0,0,0,0,0,0,0,0,0,0,0,0,0,0,0,0,0,0,0,0,0,0,0,0,0,0,0,0,0,0,0,0,0,0,0,0,0,0,0,0,0,0,0,0,0,0,0,0,0,0,0,0,0,0,0,0,0,0,0,0,0,0,0,0,0,0,0,0,0,0,0,0,0,0,0,0,0,0,0,0,0,0,0,0,0,0,0,0,0,0,0,0,0,0,0,0,0,0,0,0,0,0,0,0,0,0,0,0,0,0,0,0,0,0,0,0,0,0,0,0,0,0,0,0,0,0,0,0,0,0,0,0,0,0,0,0,0,0,0,0,0,0,0,0,0,0,0,0,0,0,0,0,0,0,0,0,0,0,0,0,0,0,0,0,0,0,0,0,0,0,0,0,0,0,0,0,0,0,0,0,0
0,0,0,0,0,0,0,0,0,0,0,0,0,0,0,0,0,0,0,0,0,0,0,0,0,0,0,0,0,0,0,0,0,0,0,0,0,0,0,0,0,0,0,0,0,0,0,0,0,0,0,0,0,0,0,0,0,0,0,0,0,0,0,0,0,0,0,0,0,0,0,0,0,0,0,0,0,0,0,0,0,0,0,0,0,0,0,0,0,0,0,0,0,0,0,0,0,0,0,0,0,0,0,0,0,0,0,0,0,0,0,0,0,0,0,0,0,0,0,0,0,0,0,0,0,0,0,0,0,0,0,0,0,0,0,0,0,0,0,0,0,0,0,0,0,0,0,0,0,0,0,0,0,0,0,0,0,0,0,0,0,0,0,0,0,0,0,0,0,0,0,0,0,0,0,0,0,0,0,0,0,0,0,0,0,0,0,0,0,0,0,0,0,0,0,0,0,0
0,0,0,0,0,0,0,0,0,0,0,0,0,0,0,0,0,0,0,0,0,0,0,0,0,0,0,0,0,0,0,0,0,0,0,0,0,0,0,0,0,0,0,0,0,0,0,0,0,0,0,0,0,0,0,0,0,0,0,0,0,0,0,0,0,0,0,0,0,0,0,0,0,0,0,0,0,0,0,0,0,0,0,0,0,0,0,0,0,0,0,0,0,0,0,0,0,0,0,0,0,0,0,0,0,0,0,0,0,0,0,0,0,0,0,0,0,0,0,0,0,0,0,0,0,0,0,0,0,0,0,0,0,0,0,0,0,0,0,0,0,0,0,0,0,0,0,0,0,0,0,0,0,0,0,0,0,0,0,0,0,0,0,0,0,0,0,0,0,0,0,0,0,0,0,0,0,0,0,0,0,0,0,0,0,0,0,0,0,0,0,0,0,0,0,0,0,0
0,0,0,0,0,0,0,0,0,0,0,0,0,0,0,0,0,0,0,0,0,0,0,0,0,0,0,0,0,0,0,0,0,0,0,0,0,0,0,0,0,0,0,0,0,0,0,0,0,0,0,0,0,0,0,0,0,0,0,0,0,0,0,0,0,0,0,0,0,0,0,0,0,0,0,0,0,0,0,0,0,0,0,0,0,0,0,0,0,0,0,0,0,0,0,0,0,0,0,0,0,0,0,0,0,0,0,0,0,0,0,0,0,0,0,0,0,0,0,0,0,0,0,0,0,0,0,0,0,0,0,0,0,0,0,0,0,0,0,0,0,0,0,0,0,0,0,0,0,0,0,0,0,0,0,0,0,0,0,0,0,0,0,0,0,0,0,0,0,0,0,0,0,0,0,0,0,0,0,0,0,0,0,0,0,0,0,0,0,0,0,0,0,0,0,0,0,0
0,0,0,0,0,0,0,0,0,0,0,0,0,0,0,0,0,0,0,0,0,0,0,0,0,0,0,0,0,0,0,0,0,0,0,0,0,0,0,0,0,0,0,0,0,0,0,0,0,0,0,0,0,0,0,0,0,0,0,0,0,0,0,0,0,0,0,0,0,0,0,0,0,0,0,0,0,0,0,0,0,0,0,0,0,0,0,0,0,0,0,0,0,0,0,0,0,0,0,0,0,0,0,0,0,0,0,0,0,0,0,0,0,0,0,0,0,0,0,0,0,0,0,0,0,0,0,0,0,0,0,0,0,0,0,0,0,0,0,0,0,0,0,0,0,0,0,0,0,0,0,0,0,0,0,0,0,0,0,0,0,0,0,0,0,0,0,0,0,0,0,0,0,0,0,0,0,0,0,0,0,0,0,0,0,0,0,0,0,0,0,0,0,0,0,0,0,0
0,0,0,0,0,0,0,0,0,0,0,0,0,0,0,0,0,0,0,0,0,0,0,0,0,0,0,0,0,0,0,0,0,0,0,0,0,0,0,0,0,0,0,0,0,0,0,0,0,0,0,0,0,0,0,0,0,0,0,0,0,0,0,0,0,0,0,0,0,0,0,0,0,0,0,0,0,0,0,0,0,0,0,0,0,0,0,0,0,0,0,0,0,0,0,0,0,0,0,0,0,0,0,0,0,0,0,0,0,0,0,0,0,0,0,0,0,0,0,0,0,0,0,0,0,0,0,0,0,0,0,0,0,0,0,0,0,0,0,0,0,0,0,0,0,0,0,0,0,0,0,0,0,0,0,0,0,0,0,0,0,0,0,0,0,0,0,0,0,0,0,0,0,0,0,0,0,0,0,0,0,0,0,0,0,0,0,0,0,0,0,0,0,0,0,0,0,0
0,0,0,0,0,0,0,0,0,0,0,0,0,0,0,0,0,0,0,0,0,0,0,0,0,0,0,0,0,0,0,0,0,0,0,0,0,0,0,0,0,0,0,0,0,0,0,0,0,0,0,0,0,0,0,0,0,0,0,0,0,0,0,0,0,0,0,0,0,0,0,0,0,0,0,0,0,0,0,0,0,0,0,0,0,0,0,0,0,0,0,0,0,0,0,0,0,0,0,0,0,0,0,0,0,0,0,0,0,0,0,0,0,0,0,0,0,0,0,0,0,0,0,0,0,0,0,0,0,0,0,0,0,0,0,0,0,0,0,0,0,0,0,0,0,0,0,0,0,0,0,0,0,0,0,0,0,0,0,0,0,0,0,0,0,0,0,0,0,0,0,0,0,0,0,0,0,0,0,0,0,0,0,0,0,0,0,0,0,0,0,0,0,0,0,0,0,0
0,0,0,0,0,0,0,0,0,0,0,0,0,0,0,0,0,0,0,0,0,0,0,0,0,0,0,0,0,0,0,0,0,0,0,0,0,0,0,0,0,0,0,0,0,0,0,0,0,0,0,0,0,0,0,0,0,0,0,0,0,0,0,0,0,0,0,0,0,0,0,0,0,0,0,0,0,0,0,0,0,0,0,0,0,0,0,0,0,0,0,0,0,0,0,0,0,0,0,0,0,0,0,0,0,0,0,0,0,0,0,0,0,0,0,0,0,0,0,0,0,0,0,0,0,0,0,0,0,0,0,0,0,0,0,0,0,0,0,0,0,0,0,0,0,0,0,0,0,0,0,0,0,0,0,0,0,0,0,0,0,0,0,0,0,0,0,0,0,0,0,0,0,0,0,0,0,0,0,0,0,0,0,0,0,0,0,0,0,0,0,0,0,0,0,0,0,0
0,0,0,0,0,0,0,0,0,0,0,0,0,0,0,0,0,0,0,0,0,0,0,0,0,0,0,0,0,0,0,0,0,0,0,0,0,0,0,0,0,0,0,0,0,0,0,0,0,0,0,0,0,0,0,0,0,0,0,0,0,0,0,0,0,0,0,0,0,0,0,0,0,0,0,0,0,0,0,0,0,0,0,0,0,0,0,0,0,0,0,0,0,0,0,0,0,0,0,0,0,0,0,0,0,0,0,0,0,0,0,0,0,0,0,0,0,0,0,0,0,0,0,0,0,0,0,0,0,0,0,0,0,0,0,0,0,0,0,0,0,0,0,0,0,0,0,0,0,0,0,0,0,0,0,0,0,0,0,0,0,0,0,0,0,0,0,0,0,0,0,0,0,0,0,0,0,0,0,0,0,0,0,0,0,0,0,0,0,0,0,0,0,0,0,0,0,0
0,0,0,0,0,0,0,0,0,0,0,0,0,0,0,0,0,0,0,0,0,0,0,0,0,0,0,0,0,0,0,0,0,0,0,0,0,0,0,0,0,0,0,0,0,0,0,0,0,0,0,0,0,0,0,0,0,0,0,0,0,0,0,0,0,0,0,0,0,0,0,0,0,0,0,0,0,0,0,0,0,0,0,0,0,0,0,0,0,0,0,0,0,0,0,0,0,0,0,0,0,0,0,0,0,0,0,0,0,0,0,0,0,0,0,0,0,0,0,0,0,0,0,0,0,0,0,0,0,0,0,0,0,0,0,0,0,0,0,0,0,0,0,0,0,0,0,0,0,0,0,0,0,0,0,0,0,0,0,0,0,0,0,0,0,0,0,0,0,0,0,0,0,0,0,0,0,0,0,0,0,0,0,0,0,0,0,0,0,0,0,0,0,0,0,0,0,0
0,0,0,0,0,0,0,0,0,0,0,0,0,0,0,0,0,0,0,0,0,0,0,0,0,0,0,0,0,0,0,0,0,0,0,0,0,0,0,0,0,0,0,0,0,0,0,0,0,0,0,0,0,0,0,0,0,0,0,0,0,0,0,0,0,0,0,0,0,0,0,0,0,0,0,0,0,0,0,0,0,0,0,0,0,0,0,0,0,0,0,0,0,0,0,0,0,0,0,0,0,0,0,0,0,0,0,0,0,0,0,0,0,0,0,0,0,0,0,0,0,0,0,0,0,0,0,0,0,0,0,0,0,0,0,0,0,0,0,0,0,0,0,0,0,0,0,0,0,0,0,0,0,0,0,0,0,0,0,0,0,0,0,0,0,0,0,0,0,0,0,0,0,0,0,0,0,0,0,0,0,0,0,0,0,0,0,0,0,0,0,0,0,0,0,0,0,0
0,0,0,0,0,0,0,0,0,0,0,0,0,0,0,0,0,0,0,0,0,0,0,0,0,0,0,0,0,0,0,0,0,0,0,0,0,0,0,0,0,0,0,0,0,0,0,0,0,0,0,0,0,0,0,0,0,0,0,0,0,0,0,0,0,0,0,0,0,0,0,0,0,0,0,0,0,0,0,0,0,0,0,0,0,0,0,0,0,0,0,0,0,0,0,0,0,0,0,0,0,0,0,0,0,0,0,0,0,0,0,0,0,0,0,0,0,0,0,0,0,0,0,0,0,0,0,0,0,0,0,0,0,0,0,0,0,0,0,0,0,0,0,0,0,0,0,0,0,0,0,0,0,0,0,0,0,0,0,0,0,0,0,0,0,0,0,0,0,0,0,0,0,0,0,0,0,0,0,0,0,0,0,0,0,0,0,0,0,0,0,0,0,0,0,0,0,0
0,0,0,0,0,0,0,0,0,0,0,0,0,0,0,0,0,0,0,0,0,0,0,0,0,0,0,0,0,0,0,0,0,0,0,0,0,0,0,0,0,0,0,0,0,0,0,0,0,0,0,0,0,0,0,0,0,0,0,0,0,0,0,0,0,0,0,0,0,0,0,0,0,0,0,0,0,0,0,0,0,0,0,0,0,0,0,0,0,0,0,0,0,0,0,0,0,0,0,0,0,0,0,0,0,0,0,0,0,0,0,0,0,0,0,0,0,0,0,0,0,0,0,0,0,0,0,0,0,0,0,0,0,0,0,0,0,0,0,0,0,0,0,0,0,0,0,0,0,0,0,0,0,0,0,0,0,0,0,0,0,0,0,0,0,0,0,0,0,0,0,0,0,0,0,0,0,0,0,0,0,0,0,0,0,0,0,0,0,0,0,0,0,0,0,0,0,0
0,0,0,0,0,0,0,0,0,0,0,0,0,0,0,0,0,0,0,0,0,0,0,0,0,0,0,0,0,0,0,0,0,0,0,0,0,0,0,0,0,0,0,0,0,0,0,0,0,0,0,0,0,0,0,0,0,0,0,0,0,0,0,0,0,0,0,0,0,0,0,0,0,0,0,0,0,0,0,0,0,0,0,0,0,0,0,0,0,0,0,0,0,0,0,0,0,0,0,0,0,0,0,0,0,0,0,0,0,0,0,0,0,0,0,0,0,0,0,0,0,0,0,0,0,0,0,0,0,0,0,0,0,0,0,0,0,0,0,0,0,0,0,0,0,0,0,0,0,0,0,0,0,0,0,0,0,0,0,0,0,0,0,0,0,0,0,0,0,0,0,0,0,0,0,0,0,0,0,0,0,0,0,0,0,0,0,0,0,0,0,0,0,0,0,0,0,0
0,0,0,0,0,0,0,0,0,0,0,0,0,0,0,0,0,0,0,0,0,0,0,0,0,0,0,0,0,0,0,0,0,0,0,0,0,0,0,0,0,0,0,0,0,0,0,0,0,0,0,0,0,0,0,0,0,0,0,0,0,0,0,0,0,0,0,0,0,0,0,0,0,0,0,0,0,0,0,0,0,0,0,0,0,0,0,0,0,0,0,0,0,0,0,0,0,0,0,0,0,0,0,0,0,0,0,0,0,0,0,0,0,0,0,0,0,0,0,0,0,0,0,0,0,0,0,0,0,0,0,0,0,0,0,0,0,0,0,0,0,0,0,0,0,0,0,0,0,0,0,0,0,0,0,0,0,0,0,0,0,0,0,0,0,0,0,0,0,0,0,0,0,0,0,0,0,0,0,0,0,0,0,0,0,0,0,0,0,0,0,0,0,0,0,0,0,0
0,0,0,0,0,0,0,0,0,0,0,0,0,0,0,0,0,0,0,0,0,0,0,0,0,0,0,0,0,0,0,0,0,0,0,0,0,0,0,0,0,0,0,0,0,0,0,0,0,0,0,0,0,0,0,0,0,0,0,0,0,0,0,0,0,0,0,0,0,0,0,0,0,0,0,0,0,0,0,0,0,0,0,0,0,0,0,0,0,0,0,0,0,0,0,0,0,0,0,0,0,0,0,0,0,0,0,0,0,0,0,0,0,0,0,0,0,0,0,0,0,0,0,0,0,0,0,0,0,0,0,0,0,0,0,0,0,0,0,0,0,0,0,0,0,0,0,0,0,0,0,0,0,0,0,0,0,0,0,0,0,0,0,0,0,0,0,0,0,0,0,0,0,0,0,0,0,0,0,0,0,0,0,0,0,0,0,0,0,0,0,0,0,0,0,0,0,0
0,0,0,0,0,0,0,0,0,0,0,0,0,0,0,0,0,0,0,0,0,0,0,0,0,0,0,0,0,0,0,0,0,0,0,0,0,0,0,0,0,0,0,0,0,0,0,0,0,0,0,0,0,0,0,0,0,0,0,0,0,0,0,0,0,0,0,0,0,0,0,0,0,0,0,0,0,0,0,0,0,0,0,0,0,0,0,0,0,0,0,0,0,0,0,0,0,0,0,0,0,0,0,0,0,0,0,0,0,0,0,0,0,0,0,0,0,0,0,0,0,0,0,0,0,0,0,0,0,0,0,0,0,0,0,0,0,0,0,0,0,0,0,0,0,0,0,0,0,0,0,0,0,0,0,0,0,0,0,0,0,0,0,0,0,0,0,0,0,0,0,0,0,0,0,0,0,0,0,0,0,0,0,0,0,0,0,0,0,0,0,0,0,0,0,0,0,0
0,0,0,0,0,0,0,0,0,0,0,0,0,0,0,0,0,0,0,0,0,0,0,0,0,0,0,0,0,0,0,0,0,0,0,0,0,0,0,0,0,0,0,0,0,0,0,0,0,0,0,0,0,0,0,0,0,0,0,0,0,0,0,0,0,0,0,0,0,0,0,0,0,0,0,0,0,0,0,0,0,0,0,0,0,0,0,0,0,0,0,0,0,0,0,0,0,0,0,0,0,0,0,0,0,0,0,0,0,0,0,0,0,0,0,0,0,0,0,0,0,0,0,0,0,0,0,0,0,0,0,0,0,0,0,0,0,0,0,0,0,0,0,0,0,0,0,0,0,0,0,0,0,0,0,0,0,0,0,0,0,0,0,0,0,0,0,0,0,0,0,0,0,0,0,0,0,0,0,0,0,0,0,0,0,0,0,0,0,0,0,0,0,0,0,0,0,0
0,0,0,0,0,0,0,0,0,0,0,0,0,0,0,0,0,0,0,0,0,0,0,0,0,0,0,0,0,0,0,0,0,0,0,0,0,0,0,0,0,0,0,0,0,0,0,0,0,0,0,0,0,0,0,0,0,0,0,0,0,0,0,0,0,0,0,0,0,0,0,0,0,0,0,0,0,0,0,0,0,0,0,0,0,0,0,0,0,0,0,0,0,0,0,0,0,0,0,0,0,0,0,0,0,0,0,0,0,0,0,0,0,0,0,0,0,0,0,0,0,0,0,0,0,0,0,0,0,0,0,0,0,0,0,0,0,0,0,0,0,0,0,0,0,0,0,0,0,0,0,0,0,0,0,0,0,0,0,0,0,0,0,0,0,0,0,0,0,0,0,0,0,0,0,0,0,0,0,0,0,0,0,0,0,0,0,0,0,0,0,0,0,0,0,0,0,0
0,0,0,0,0,0,0,0,0,0,0,0,0,0,0,0,0,0,0,0,0,0,0,0,0,0,0,0,0,0,0,0,0,0,0,0,0,0,0,0,0,0,0,0,0,0,0,0,0,0,0,0,0,0,0,0,0,0,0,0,0,0,0,0,0,0,0,0,0,0,0,0,0,0,0,0,0,0,0,0,0,0,0,0,0,0,0,0,0,0,0,0,0,0,0,0,0,0,0,0,0,0,0,0,0,0,0,0,0,0,0,0,0,0,0,0,0,0,0,0,0,0,0,0,0,0,0,0,0,0,0,0,0,0,0,0,0,0,0,0,0,0,0,0,0,0,0,0,0,0,0,0,0,0,0,0,0,0,0,0,0,0,0,0,0,0,0,0,0,0,0,0,0,0,0,0,0,0,0,0,0,0,0,0,0,0,0,0,0,0,0,0,0,0,0,0,0,0
0,0,0,0,0,0,0,0,0,0,0,0,0,0,0,0,0,0,0,0,0,0,0,0,0,0,0,0,0,0,0,0,0,0,0,0,0,0,0,0,0,0,0,0,0,0,0,0,0,0,0,0,0,0,0,0,0,0,0,0,0,0,0,0,0,0,0,0,0,0,0,0,0,0,0,0,0,0,0,0,0,0,0,0,0,0,0,0,0,0,0,0,0,0,0,0,0,0,0,0,0,0,0,0,0,0,0,0,0,0,0,0,0,0,0,0,0,0,0,0,0,0,0,0,0,0,0,0,0,0,0,0,0,0,0,0,0,0,0,0,0,0,0,0,0,0,0,0,0,0,0,0,0,0,0,0,0,0,0,0,0,0,0,0,0,0,0,0,0,0,0,0,0,0,0,0,0,0,0,0,0,0,0,0,0,0,0,0,0,0,0,0,0,0,0,0,0,0
0,0,0,0,0,0,0,0,0,0,0,0,0,0,0,0,0,0,0,0,0,0,0,0,0,0,0,0,0,0,0,0,0,0,0,0,0,0,0,0,0,0,0,0,0,0,0,0,0,0,0,0,0,0,0,0,0,0,0,0,0,0,0,0,0,0,0,0,0,0,0,0,0,0,0,0,0,0,0,0,0,0,0,0,0,0,0,0,0,0,0,0,0,0,0,0,0,0,0,0,0,0,0,0,0,0,0,0,0,0,0,0,0,0,0,0,0,0,0,0,0,0,0,0,0,0,0,0,0,0,0,0,0,0,0,0,0,0,0,0,0,0,0,0,0,0,0,0,0,0,0,0,0,0,0,0,0,0,0,0,0,0,0,0,0,0,0,0,0,0,0,0,0,0,0,0,0,0,0,0,0,0,0,0,0,0,0,0,0,0,0,0,0,0,0,0,0,0
0,0,0,0,0,0,0,0,0,0,0,0,0,0,0,0,0,0,0,0,0,0,0,0,0,0,0,0,0,0,0,0,0,0,0,0,0,0,0,0,0,0,0,0,0,0,0,0,0,0,0,0,0,0,0,0,0,0,0,0,0,0,0,0,0,0,0,0,0,0,0,0,0,0,0,0,0,0,0,0,0,0,0,0,0,0,0,0,0,0,0,0,0,0,0,0,0,0,0,0,0,0,0,0,0,0,0,0,0,0,0,0,0,0,0,0,0,0,0,0,0,0,0,0,0,0,0,0,0,0,0,0,0,0,0,0,0,0,0,0,0,0,0,0,0,0,0,0,0,0,0,0,0,0,0,0,0,0,0,0,0,0,0,0,0,0,0,0,0,0,0,0,0,0,0,0,0,0,0,0,0,0,0,0,0,0,0,0,0,0,0,0,0,0,0,0,0,0
